# oST version 5.0 parameters


[image]

width
640

height
480

[narrow_stereo]

camera matrix
513.916180 0.000000 308.570130
0.000000 514.377333 240.628363
0.000000 0.000000 1.000000

distortion
0.071388 -0.188724 -0.002271 0.002146 0.000000

rectification
1.000000 0.000000 0.000000
0.000000 1.000000 0.000000
0.000000 0.000000 1.000000

projection
513.562256 0.000000 309.223035 0.000000
0.000000 517.924866 239.837755 0.000000
0.000000 0.000000 1.000000 0.000000

