# oST version 5.0 parameters


[image]

width
640

height
480

[narrow_stereo]

camera matrix
604.112077 0.000000 324.510529
0.000000 605.763408 245.996710
0.000000 0.000000 1.000000

distortion
0.099885 -0.224617 0.004332 0.000217 0.000000

rectification
1.000000 0.000000 0.000000
0.000000 1.000000 0.000000
0.000000 0.000000 1.000000

projection
610.798950 0.000000 324.700939 0.000000
0.000000 612.367004 247.364085 0.000000
0.000000 0.000000 1.000000 0.000000

