# oST version 5.0 parameters


[image]

width
640

height
480

[narrow_stereo]

camera matrix
605.639808 0.000000 299.642146
0.000000 605.730544 253.182947
0.000000 0.000000 1.000000

distortion
0.100646 -0.217538 0.000350 -0.004858 0.000000

rectification
1.000000 0.000000 0.000000
0.000000 1.000000 0.000000
0.000000 0.000000 1.000000

projection
611.569336 0.000000 296.968716 0.000000
0.000000 614.489197 253.391377 0.000000
0.000000 0.000000 1.000000 0.000000

