image_width: 640
image_height: 480
camera_name: narrow_stereo
camera_matrix:
  rows: 3
  cols: 3
  data: [630.502008, 0.000000, 321.816337, 0.000000, 633.083577, 239.328291, 0.000000, 0.000000, 1.000000]
distortion_model: plumb_bob
distortion_coefficients:
  rows: 1
  cols: 5
  data: [0.135824, -0.338182, 0.004157, -0.006478, 0.000000]
rectification_matrix:
  rows: 3
  cols: 3
  data: [1.000000, 0.000000, 0.000000, 0.000000, 1.000000, 0.000000, 0.000000, 0.000000, 1.000000]
projection_matrix:
  rows: 3
  cols: 4
  data: [638.799011, 0.000000, 318.680052, 0.000000, 0.000000, 643.896973, 240.641008, 0.000000, 0.000000, 0.000000, 1.000000, 0.000000]
