# oST version 5.0 parameters


[image]

width
640

height
480

[narrow_stereo]

camera matrix
630.502008 0.000000 321.816337
0.000000 633.083577 239.328291
0.000000 0.000000 1.000000

distortion
0.135824 -0.338182 0.004157 -0.006478 0.000000

rectification
1.000000 0.000000 0.000000
0.000000 1.000000 0.000000
0.000000 0.000000 1.000000

projection
638.799011 0.000000 318.680052 0.000000
0.000000 643.896973 240.641008 0.000000
0.000000 0.000000 1.000000 0.000000

