# oST version 5.0 parameters


[image]

width
640

height
480

[narrow_stereo]

camera matrix
516.770005 0.000000 311.827196
0.000000 516.815710 241.728542
0.000000 0.000000 1.000000

distortion
0.052136 -0.149420 -0.000937 0.002368 0.000000

rectification
1.000000 0.000000 0.000000
0.000000 1.000000 0.000000
0.000000 0.000000 1.000000

projection
515.762024 0.000000 312.894868 0.000000
0.000000 519.232300 241.416297 0.000000
0.000000 0.000000 1.000000 0.000000

