# oST version 5.0 parameters


[image]

width
640

height
480

[narrow_stereo]

camera matrix
506.133873 0.000000 313.703136
0.000000 506.462346 246.436395
0.000000 0.000000 1.000000

distortion
-0.004756 -0.048790 -0.002405 0.001160 0.000000

rectification
1.000000 0.000000 0.000000
0.000000 1.000000 0.000000
0.000000 0.000000 1.000000

projection
501.097382 0.000000 314.208535 0.000000
0.000000 504.741180 245.679795 0.000000
0.000000 0.000000 1.000000 0.000000

