# oST version 5.0 parameters


[image]

width
640

height
480

[narrow_stereo]

camera matrix
580.289908 0.000000 312.113077
0.000000 579.226568 253.330036
0.000000 0.000000 1.000000

distortion
-0.081796 0.181503 0.000202 -0.005196 0.000000

rectification
1.000000 0.000000 0.000000
0.000000 1.000000 0.000000
0.000000 0.000000 1.000000

projection
582.114807 0.000000 309.467393 0.000000
0.000000 582.636230 253.076164 0.000000
0.000000 0.000000 1.000000 0.000000

