image_width: 640
image_height: 480
camera_name: narrow_stereo
camera_matrix:
  rows: 3
  cols: 3
  data: [580.289908, 0.000000, 312.113077, 0.000000, 579.226568, 253.330036, 0.000000, 0.000000, 1.000000]
distortion_model: plumb_bob
distortion_coefficients:
  rows: 1
  cols: 5
  data: [-0.081796, 0.181503, 0.000202, -0.005196, 0.000000]
rectification_matrix:
  rows: 3
  cols: 3
  data: [1.000000, 0.000000, 0.000000, 0.000000, 1.000000, 0.000000, 0.000000, 0.000000, 1.000000]
projection_matrix:
  rows: 3
  cols: 4
  data: [582.114807, 0.000000, 309.467393, 0.000000, 0.000000, 582.636230, 253.076164, 0.000000, 0.000000, 0.000000, 1.000000, 0.000000]
