------------------------------------
Translation mean : 
[1.17649777 0.1260328  0.53814245]
()
Rotation mean : 
[-0.39428075  0.00750791  0.91892592 -0.00784047]
()
Current values
[1.1764977650982245, 0.1260328048530461, 0.5381424508644501]
[-0.39428075245847655, 0.0075079071415673744, 0.9189259200563747, -0.007840473179300322]
Quaternion in openCV Convention: 
 [ 0.65643705  0.65676962 -0.26999677 -0.25464839]
Rotation in openCV Convention: 
 [[-0.00848918  0.72474734 -0.68896243  0.        ]
 [ 0.99976432 -0.00761573 -0.02033007  0.        ]
 [-0.01998112 -0.68897264 -0.72451188  0.        ]
 [ 0.          0.          0.          1.        ]]
-----------------------------------
------------------------------------
Translation mean : 
[1.17649777 0.1260328  0.53814245]
()
Rotation mean : 
[-0.39428075  0.00750791  0.91892592 -0.00784047]
()
Current values
[1.1764977650982245, 0.1260328048530461, 0.5381424508644501]
[-0.39428075245847655, 0.0075079071415673744, 0.9189259200563747, -0.007840473179300322]
Quaternion in openCV Convention: 
 [ 0.65643705  0.65676962 -0.26999677 -0.25464839]
Rotation in openCV Convention: 
 [[-0.00848918  0.72474734 -0.68896243  0.        ]
 [ 0.99976432 -0.00761573 -0.02033007  0.        ]
 [-0.01998112 -0.68897264 -0.72451188  0.        ]
 [ 0.          0.          0.          1.        ]]
-----------------------------------
------------------------------------
Translation mean : 
[1.17797044 0.12537719 0.53817155]
()
Rotation mean : 
[-0.39425924  0.0075119   0.91893525 -0.00782504]
()
Current values
[1.1809157757116628, 0.12406597218433085, 0.5382297357125729]
[-0.394216206168546, 0.007519878106081145, 0.918953907962156, -0.00779418170360315]
Quaternion in openCV Convention: 
 [ 0.65644067  0.65675382 -0.27000648 -0.25466954]
Rotation in openCV Convention: 
 [[-0.00845815  0.72471498 -0.68899684  0.        ]
 [ 0.99976468 -0.0076357  -0.02030469  0.        ]
 [-0.01997609 -0.68900645 -0.72447986  0.        ]
 [ 0.          0.          0.          1.        ]]
-----------------------------------
------------------------------------
Translation mean : 
[1.17870901 0.12505162 0.53818386]
()
Rotation mean : 
[-0.39424848  0.00751389  0.91893991 -0.00781733]
()
Current values
[1.1809247255703617, 0.12407490872478752, 0.5382207858538742]
[-0.394216206168546, 0.007519878106081145, 0.918953907962156, -0.00779418170360315]
Quaternion in openCV Convention: 
 [ 0.65644248  0.65674591 -0.27001133 -0.25468011]
Rotation in openCV Convention: 
 [[-0.00844263  0.72469881 -0.68901405  0.        ]
 [ 0.99976486 -0.00764569 -0.02029199  0.        ]
 [-0.01997357 -0.68902336 -0.72446385  0.        ]
 [ 0.          0.          0.          1.        ]]
-----------------------------------
------------------------------------
Translation mean : 
[1.17967147 0.1247673  0.5381434 ]
()
Rotation mean : 
[-0.39428412  0.00752423  0.91892388 -0.00789178]
()
Current values
[1.1835213092136998, 0.12363000154043684, 0.5379815873592545]
[-0.39442670286940246, 0.007565596141262454, 0.9188597651572974, -0.008189614989460074]
Quaternion in openCV Convention: 
 [ 0.65642023  0.65678778 -0.27002789 -0.25461187]
Rotation in openCV Convention: 
 [[-0.00857053  0.72475298 -0.68895549  0.        ]
 [ 0.99976221 -0.00760518 -0.02043727  0.        ]
 [-0.02005161 -0.68896682 -0.72451546  0.        ]
 [ 0.          0.          0.          1.        ]]
-----------------------------------
------------------------------------
Translation mean : 
[1.18058134 0.12453063 0.53809293]
()
Rotation mean : 
[-0.39432963  0.00753585  0.91890345 -0.00798229]
()
Current values
[1.1851307069023402, 0.1233472705767015, 0.5378405415710317]
[-0.3945571831205255, 0.007593943607921642, 0.9188012925859458, -0.008434809474501564]
Quaternion in openCV Convention: 
 [ 0.65639332  0.65683976 -0.27004598 -0.25452784]
Rotation in openCV Convention: 
 [[-0.00872669  0.72482209 -0.68888082  0.        ]
 [ 0.99975899 -0.00755413 -0.02061313  0.        ]
 [-0.02014475 -0.68889468 -0.72458147  0.        ]
 [ 0.          0.          0.          1.        ]]
-----------------------------------
------------------------------------
Translation mean : 
[1.18123125 0.12436158 0.53805687]
()
Rotation mean : 
[-0.39436214  0.00754415  0.91888886 -0.00804693]
()
Current values
[1.1851307069023402, 0.1233472705767015, 0.5378405415710317]
[-0.3945571831205255, 0.007593943607921642, 0.9188012925859458, -0.008434809474501564]
Quaternion in openCV Convention: 
 [ 0.65637411  0.65687689 -0.2700589  -0.25446782]
Rotation in openCV Convention: 
 [[-0.00883822  0.72487144 -0.68882747  0.        ]
 [ 0.99975667 -0.00751766 -0.02073873  0.        ]
 [-0.02021129 -0.68884314 -0.72462861  0.        ]
 [ 0.          0.          0.          1.        ]]
-----------------------------------
------------------------------------
Translation mean : 
[1.18169428 0.12420817 0.5380802 ]
()
Rotation mean : 
[-0.39443127  0.00755326  0.91885824 -0.00814095]
()
Current values
[1.1849354963112033, 0.1231343433821859, 0.538243471353222]
[-0.3949151646138487, 0.007617002994267066, 0.9186438755440228, -0.008799087956163005]
Quaternion in openCV Convention: 
 [ 0.6563509   0.6569386  -0.27006059 -0.25436638]
Rotation in openCV Convention: 
 [[-0.00900229  0.72497596 -0.68871534  0.        ]
 [ 0.99975335 -0.00745865 -0.02091925  0.        ]
 [-0.02030284 -0.68873379 -0.72473     0.        ]
 [ 0.          0.          0.          1.        ]]
-----------------------------------
------------------------------------
Translation mean : 
[1.1820528  0.12408717 0.53810165]
()
Rotation mean : 
[-0.39448801  0.00756053  0.91883311 -0.0082171 ]
()
Current values
[1.1849209088143675, 0.12311917914822529, 0.5382733270257509]
[-0.3949419109510266, 0.007618726064993871, 0.9186321016881034, -0.008826309285097263]
Quaternion in openCV Convention: 
 [ 0.65633227  0.65698884 -0.27006137 -0.25428373]
Rotation in openCV Convention: 
 [[-0.00913522  0.72506171 -0.68862331  0.        ]
 [ 0.99975064 -0.00741064 -0.02106538  0.        ]
 [-0.02037684 -0.68864402 -0.72481321  0.        ]
 [ 0.          0.          0.          1.        ]]
-----------------------------------
------------------------------------
Translation mean : 
[1.18233961 0.12399037 0.53811882]
()
Rotation mean : 
[-0.39452791  0.00755722  0.91881589 -0.00823046]
()
Current values
[1.1849209088143675, 0.12311917914822529, 0.5382733270257509]
[-0.3948870175378911, 0.007527372469911575, 0.9186609000215963, -0.008350617656157303]
Quaternion in openCV Convention: 
 [ 0.65633528  0.65700852 -0.27003783 -0.25425015]
Rotation in openCV Convention: 
 [[-0.00916148  0.72512159 -0.6885599   0.        ]
 [ 0.9997503  -0.00739309 -0.02108762  0.        ]
 [-0.02038167 -0.68858116 -0.7248728   0.        ]
 [ 0.          0.          0.          1.        ]]
-----------------------------------
------------------------------------
Translation mean : 
[1.18257427 0.12391117 0.53813287]
()
Rotation mean : 
[-0.39456055  0.0075545   0.9188018  -0.00824138]
()
Current values
[1.1849209088143675, 0.12311917914822529, 0.5382733270257509]
[-0.3948870175378911, 0.007527372469911575, 0.9186609000215963, -0.008350617656157303]
Quaternion in openCV Convention: 
 [ 0.65633774  0.65702461 -0.27001856 -0.25422268]
Rotation in openCV Convention: 
 [[-0.00918297  0.72517058 -0.68850802  0.        ]
 [ 0.99975002 -0.00737874 -0.02110581  0.        ]
 [-0.02038563 -0.68852972 -0.72492154  0.        ]
 [ 0.          0.          0.          1.        ]]
-----------------------------------
------------------------------------
Translation mean : 
[1.18276982 0.12384517 0.53814457]
()
Rotation mean : 
[-0.39458776  0.00755224  0.91879006 -0.00825048]
()
Current values
[1.1849209088143675, 0.12311917914822529, 0.5382733270257509]
[-0.3948870175378911, 0.007527372469911575, 0.9186609000215963, -0.008350617656157303]
Quaternion in openCV Convention: 
 [ 0.65633979  0.65703803 -0.27000251 -0.25419979]
Rotation in openCV Convention: 
 [[-0.00920088  0.7252114  -0.68846479  0.        ]
 [ 0.99974979 -0.00736677 -0.02112097  0.        ]
 [-0.02038893 -0.68848686 -0.72496216  0.        ]
 [ 0.          0.          0.          1.        ]]
-----------------------------------
------------------------------------
Translation mean : 
[1.18293529 0.12378933 0.53815448]
()
Rotation mean : 
[-0.39461078  0.00755033  0.91878012 -0.00825819]
()
Current values
[1.1849209088143675, 0.12311917914822529, 0.5382733270257509]
[-0.3948870175378911, 0.007527372469911575, 0.9186609000215963, -0.008350617656157303]
Quaternion in openCV Convention: 
 [ 0.65634152  0.65704938 -0.26998893 -0.25418041]
Rotation in openCV Convention: 
 [[-0.00921603  0.72524594 -0.6884282   0.        ]
 [ 0.99974959 -0.00735665 -0.0211338   0.        ]
 [-0.02039173 -0.68845058 -0.72499653  0.        ]
 [ 0.          0.          0.          1.        ]]
-----------------------------------
------------------------------------
Translation mean : 
[1.18307712 0.12374146 0.53816297]
()
Rotation mean : 
[-0.39463051  0.00754869  0.91877161 -0.00826479]
()
Current values
[1.1849209088143675, 0.12311917914822529, 0.5382733270257509]
[-0.3948870175378911, 0.007527372469911575, 0.9186609000215963, -0.008350617656157303]
Quaternion in openCV Convention: 
 [ 0.65634301  0.65705911 -0.26997729 -0.25416381]
Rotation in openCV Convention: 
 [[-0.00922902  0.72527554 -0.68839684  0.        ]
 [ 0.99974942 -0.00734797 -0.0211448   0.        ]
 [-0.02039412 -0.68841949 -0.72502599  0.        ]
 [ 0.          0.          0.          1.        ]]
-----------------------------------
------------------------------------
Translation mean : 
[1.18320004 0.12369998 0.53817032]
()
Rotation mean : 
[-0.39464761  0.00754727  0.91876423 -0.00827051]
()
Current values
[1.1849209088143675, 0.12311917914822529, 0.5382733270257509]
[-0.3948870175378911, 0.007527372469911575, 0.9186609000215963, -0.008350617656157303]
Quaternion in openCV Convention: 
 [ 0.6563443   0.65706754 -0.2699672  -0.25414942]
Rotation in openCV Convention: 
 [[-0.00924028  0.7253012  -0.68836966  0.        ]
 [ 0.99974927 -0.00734045 -0.02115432  0.        ]
 [-0.0203962  -0.68839254 -0.72505152  0.        ]
 [ 0.          0.          0.          1.        ]]
-----------------------------------
------------------------------------
Translation mean : 
[1.1833076  0.12366368 0.53817676]
()
Rotation mean : 
[-0.39466257  0.00754602  0.91875777 -0.00827552]
()
Current values
[1.1849209088143675, 0.12311917914822529, 0.5382733270257509]
[-0.3948870175378911, 0.007527372469911575, 0.9186609000215963, -0.008350617656157303]
Quaternion in openCV Convention: 
 [ 0.65634542  0.65707492 -0.26995837 -0.25413683]
Rotation in openCV Convention: 
 [[-0.00925013  0.72532364 -0.68834588  0.        ]
 [ 0.99974915 -0.00733387 -0.02116266  0.        ]
 [-0.02039801 -0.68836896 -0.72507385  0.        ]
 [ 0.          0.          0.          1.        ]]
-----------------------------------
------------------------------------
Translation mean : 
[1.18339853 0.12364933 0.53818083]
()
Rotation mean : 
[-0.39467737  0.00755222  0.91875122 -0.00829096]
()
Current values
[1.1848535683832138, 0.12341972598642206, 0.5382459945219447]
[-0.39491403066230135, 0.007651375970692889, 0.9186465399774001, -0.008538115679757024]
Quaternion in openCV Convention: 
 [ 0.65634492  0.65708367 -0.26995852 -0.25411534]
Rotation in openCV Convention: 
 [[-0.00927329  0.72534599 -0.68832202  0.        ]
 [ 0.99974845 -0.00733272 -0.02119605  0.        ]
 [-0.02042174 -0.68834542 -0.72509553  0.        ]
 [ 0.          0.          0.          1.        ]]
-----------------------------------
------------------------------------
Translation mean : 
[1.18347937 0.12363657 0.53818445]
()
Rotation mean : 
[-0.39469051  0.00755773  0.91874541 -0.00830469]
()
Current values
[1.1848535683832138, 0.12341972598642206, 0.5382459945219447]
[-0.39491403066230135, 0.007651375970692889, 0.9186465399774001, -0.008538115679757024]
Quaternion in openCV Convention: 
 [ 0.65634448  0.65709144 -0.26995866 -0.25409624]
Rotation in openCV Convention: 
 [[-0.00929387  0.72536586 -0.6883008   0.        ]
 [ 0.99974783 -0.00733169 -0.02122573  0.        ]
 [-0.02044283 -0.6883245  -0.7251148   0.        ]
 [ 0.          0.          0.          1.        ]]
-----------------------------------
------------------------------------
Translation mean : 
[1.1835517  0.12362516 0.53818769]
()
Rotation mean : 
[-0.39470228  0.00756266  0.91874021 -0.00831698]
()
Current values
[1.1848535683832138, 0.12341972598642206, 0.5382459945219447]
[-0.39491403066230135, 0.007651375970692889, 0.9186465399774001, -0.008538115679757024]
Quaternion in openCV Convention: 
 [ 0.65634408  0.6570984  -0.26995878 -0.25407914]
Rotation in openCV Convention: 
 [[-0.00931229  0.72538363 -0.68828182  0.        ]
 [ 0.99974727 -0.00733078 -0.02125229  0.        ]
 [-0.0204617  -0.68830578 -0.72513204  0.        ]
 [ 0.          0.          0.          1.        ]]
-----------------------------------
------------------------------------
Translation mean : 
[1.18361679 0.12361489 0.53819061]
()
Rotation mean : 
[-0.39471287  0.00756709  0.91873552 -0.00832804]
()
Current values
[1.1848535683832138, 0.12341972598642206, 0.5382459945219447]
[-0.39491403066230135, 0.007651375970692889, 0.9186465399774001, -0.008538115679757024]
Quaternion in openCV Convention: 
 [ 0.65634372  0.65710466 -0.26995889 -0.25406376]
Rotation in openCV Convention: 
 [[-0.00932887  0.72539963 -0.68826474  0.        ]
 [ 0.99974677 -0.00732995 -0.02127619  0.        ]
 [-0.02047869 -0.68828893 -0.72514755  0.        ]
 [ 0.          0.          0.          1.        ]]
-----------------------------------
------------------------------------
Translation mean : 
[1.18367568 0.12360559 0.53819325]
()
Rotation mean : 
[-0.39472244  0.00757111  0.91873128 -0.00833804]
()
Current values
[1.1848535683832138, 0.12341972598642206, 0.5382459945219447]
[-0.39491403066230135, 0.007651375970692889, 0.9186465399774001, -0.008538115679757024]
Quaternion in openCV Convention: 
 [ 0.6563434   0.65711033 -0.26995899 -0.25404985]
Rotation in openCV Convention: 
 [[-0.00934387  0.7254141  -0.68824928  0.        ]
 [ 0.99974631 -0.00732921 -0.02129781  0.        ]
 [-0.02049405 -0.68827369 -0.72516159  0.        ]
 [ 0.          0.          0.          1.        ]]
-----------------------------------
------------------------------------
Translation mean : 
[1.18372922 0.12359714 0.53819564]
()
Rotation mean : 
[-0.39473115  0.00757476  0.91872743 -0.00834713]
()
Current values
[1.1848535683832138, 0.12341972598642206, 0.5382459945219447]
[-0.39491403066230135, 0.007651375970692889, 0.9186465399774001, -0.008538115679757024]
Quaternion in openCV Convention: 
 [ 0.6563431   0.65711548 -0.26995909 -0.25403719]
Rotation in openCV Convention: 
 [[-0.0093575   0.72542726 -0.68823523  0.        ]
 [ 0.9997459  -0.00732853 -0.02131747  0.        ]
 [-0.02050802 -0.68825983 -0.72517435  0.        ]
 [ 0.          0.          0.          1.        ]]
-----------------------------------
------------------------------------
Translation mean : 
[1.18377811 0.12358943 0.53819783]
()
Rotation mean : 
[-0.3947391   0.00757809  0.91872392 -0.00835544]
()
Current values
[1.1848535683832138, 0.12341972598642206, 0.5382459945219447]
[-0.39491403066230135, 0.007651375970692889, 0.9186465399774001, -0.008538115679757024]
Quaternion in openCV Convention: 
 [ 0.65634284  0.65712019 -0.26995917 -0.25402564]
Rotation in openCV Convention: 
 [[-0.00936995  0.72543927 -0.6882224   0.        ]
 [ 0.99974552 -0.00732791 -0.02133542  0.        ]
 [-0.02052078 -0.68824717 -0.72518599  0.        ]
 [ 0.          0.          0.          1.        ]]
-----------------------------------
------------------------------------
Translation mean : 
[1.18382292 0.12358236 0.53819984]
()
Rotation mean : 
[-0.39474639  0.00758114  0.91872069 -0.00836305]
()
Current values
[1.1848535683832138, 0.12341972598642206, 0.5382459945219447]
[-0.39491403066230135, 0.007651375970692889, 0.9186465399774001, -0.008538115679757024]
Quaternion in openCV Convention: 
 [ 0.65634259  0.6571245  -0.26995925 -0.25401505]
Rotation in openCV Convention: 
 [[-0.00938136  0.72545028 -0.68821064  0.        ]
 [ 0.99974517 -0.00732734 -0.02135187  0.        ]
 [-0.02053247 -0.68823557 -0.72519667  0.        ]
 [ 0.          0.          0.          1.        ]]
-----------------------------------
------------------------------------
Translation mean : 
[1.18386415 0.12357585 0.53820169]
()
Rotation mean : 
[-0.3947531   0.00758395  0.91871773 -0.00837005]
()
Current values
[1.1848535683832138, 0.12341972598642206, 0.5382459945219447]
[-0.39491403066230135, 0.007651375970692889, 0.9186465399774001, -0.008538115679757024]
Quaternion in openCV Convention: 
 [ 0.65634236  0.65712846 -0.26995932 -0.25400531]
Rotation in openCV Convention: 
 [[-0.00939186  0.72546041 -0.68819982  0.        ]
 [ 0.99974485 -0.00732681 -0.02136701  0.        ]
 [-0.02054323 -0.6882249  -0.7252065   0.        ]
 [ 0.          0.          0.          1.        ]]
-----------------------------------
------------------------------------
Translation mean : 
[1.18391101 0.1235055  0.53822262]
()
Rotation mean : 
[-0.39478009  0.00754481  0.91870668 -0.00833969]
()
Current values
[1.185082694639838, 0.12174678360040159, 0.5387458641998705]
[-0.3954548590101877, 0.006566238983427177, 0.9184306580792874, -0.007580586447800684]
Quaternion in openCV Convention: 
 [ 0.65634595  0.65714083 -0.26990555 -0.25402105]
Rotation in openCV Convention: 
 [[-0.00936638  0.72550023 -0.68815819  0.        ]
 [ 0.99974705 -0.00727825 -0.02128054  0.        ]
 [-0.02044762 -0.68818344 -0.72524854  0.        ]
 [ 0.          0.          0.          1.        ]]
-----------------------------------
------------------------------------
Translation mean : 
[1.18395441 0.12344037 0.53824199]
()
Rotation mean : 
[-0.39480508  0.00750856  0.91869646 -0.00831157]
()
Current values
[1.185082694639838, 0.12174678360040159, 0.5387458641998705]
[-0.3954548590101877, 0.006566238983427177, 0.9184306580792874, -0.007580586447800684]
Quaternion in openCV Convention: 
 [ 0.65634927  0.65715228 -0.26985576 -0.25403562]
Rotation in openCV Convention: 
 [[-0.00934279  0.72553709 -0.68811964  0.        ]
 [ 0.99974908 -0.00723328 -0.02120047  0.        ]
 [-0.02035909 -0.68814505 -0.72528746  0.        ]
 [ 0.          0.          0.          1.        ]]
-----------------------------------
------------------------------------
Translation mean : 
[1.18399275 0.12338373 0.53826006]
()
Rotation mean : 
[-0.39482836  0.00747489  0.91868694 -0.00828539]
()
Current values
[1.1850279609527112, 0.12185450102521729, 0.538747920332306]
[-0.3954567987860163, 0.006565633620160098, 0.9184298441291421, -0.007578532971640376]
Quaternion in openCV Convention: 
 [ 0.6563524   0.6571629  -0.26980943 -0.25404915]
Rotation in openCV Convention: 
 [[-0.00932077  0.72557143 -0.68808373  0.        ]
 [ 0.99975096 -0.00719155 -0.02112597  0.        ]
 [-0.02027679 -0.68810928 -0.7253237   0.        ]
 [ 0.          0.          0.          1.        ]]
-----------------------------------
------------------------------------
Translation mean : 
[1.18402845 0.12333101 0.53827655]
()
Rotation mean : 
[-0.39485003  0.00744354  0.91867807 -0.00826102]
()
Current values
[1.1850279609527112, 0.12185483083045608, 0.5387382514583836]
[-0.3954567987860163, 0.006565633620160098, 0.9184298441291421, -0.007578532971640376]
Quaternion in openCV Convention: 
 [ 0.65635531  0.65717279 -0.2697663  -0.25406175]
Rotation in openCV Convention: 
 [[-0.00930028  0.7256034  -0.6880503   0.        ]
 [ 0.9997527  -0.0071527  -0.0210566   0.        ]
 [-0.02020016 -0.68807597 -0.72535743  0.        ]
 [ 0.          0.          0.          1.        ]]
-----------------------------------
------------------------------------
Translation mean : 
[1.18406176 0.1232818  0.53829194]
()
Rotation mean : 
[-0.39487025  0.00741427  0.9186698  -0.00823827]
()
Current values
[1.1850279609527112, 0.12185483083045608, 0.5387382514583836]
[-0.3954567987860163, 0.006565633620160098, 0.9184298441291421, -0.007578532971640376]
Quaternion in openCV Convention: 
 [ 0.65635803  0.65718202 -0.26972604 -0.2540735 ]
Rotation in openCV Convention: 
 [[-0.00928115  0.72563323 -0.68801909  0.        ]
 [ 0.99975432 -0.00711644 -0.02099186  0.        ]
 [-0.02012864 -0.68804489 -0.72538891  0.        ]
 [ 0.          0.          0.          1.        ]]
-----------------------------------
------------------------------------
Translation mean : 
[1.18409293 0.12323577 0.53830634]
()
Rotation mean : 
[-0.39488917  0.0073869   0.91866206 -0.00821699]
()
Current values
[1.1850279609527112, 0.12185483083045608, 0.5387382514583836]
[-0.3954567987860163, 0.006565633620160098, 0.9184298441291421, -0.007578532971640376]
Quaternion in openCV Convention: 
 [ 0.65636057  0.65719066 -0.26968838 -0.2540845 ]
Rotation in openCV Convention: 
 [[-0.00926326  0.72566114 -0.6879899   0.        ]
 [ 0.99975583 -0.00708253 -0.02093129  0.        ]
 [-0.02006173 -0.6880158  -0.72541835  0.        ]
 [ 0.          0.          0.          1.        ]]
-----------------------------------
------------------------------------
Translation mean : 
[1.18412215 0.12319262 0.53831984]
()
Rotation mean : 
[-0.39490691  0.00736123  0.9186548  -0.00819704]
()
Current values
[1.1850279609527112, 0.12185483083045608, 0.5387382514583836]
[-0.3954567987860163, 0.006565633620160098, 0.9184298441291421, -0.007578532971640376]
Quaternion in openCV Convention: 
 [ 0.65636296  0.65719876 -0.26965308 -0.25409481]
Rotation in openCV Convention: 
 [[-0.00924649  0.72568731 -0.68796252  0.        ]
 [ 0.99975724 -0.00705073 -0.02087451  0.        ]
 [-0.019999   -0.68798853 -0.72544595  0.        ]
 [ 0.          0.          0.          1.        ]]
-----------------------------------
------------------------------------
Translation mean : 
[1.1841496  0.12315208 0.53833252]
()
Rotation mean : 
[-0.39492357  0.00733712  0.91864799 -0.00817829]
()
Current values
[1.1850279609527112, 0.12185483083045608, 0.5387382514583836]
[-0.3954567987860163, 0.006565633620160098, 0.9184298441291421, -0.007578532971640376]
Quaternion in openCV Convention: 
 [ 0.6563652   0.65720637 -0.26961991 -0.2541045 ]
Rotation in openCV Convention: 
 [[-0.00923074  0.72571189 -0.68793681  0.        ]
 [ 0.99975856 -0.00702087 -0.02082116  0.        ]
 [-0.01994008 -0.68796291 -0.72547187  0.        ]
 [ 0.          0.          0.          1.        ]]
-----------------------------------
------------------------------------
Translation mean : 
[1.18417543 0.12311392 0.53834445]
()
Rotation mean : 
[-0.39493926  0.00731443  0.91864157 -0.00816065]
()
Current values
[1.1850279609527112, 0.12185483083045608, 0.5387382514583836]
[-0.3954567987860163, 0.006565633620160098, 0.9184298441291421, -0.007578532971640376]
Quaternion in openCV Convention: 
 [ 0.6563673   0.65721352 -0.2695887  -0.25411361]
Rotation in openCV Convention: 
 [[-0.00921592  0.72573502 -0.6879126   0.        ]
 [ 0.99975981 -0.00699276 -0.02077095  0.        ]
 [-0.01988462 -0.68793879 -0.72549626  0.        ]
 [ 0.          0.          0.          1.        ]]
-----------------------------------
------------------------------------
Translation mean : 
[1.18419979 0.12307795 0.5383557 ]
()
Rotation mean : 
[-0.39495404  0.00729304  0.91863552 -0.00814402]
()
Current values
[1.1850279609527112, 0.12185483083045608, 0.5387382514583836]
[-0.3954567987860163, 0.006565633620160098, 0.9184298441291421, -0.007578532971640376]
Quaternion in openCV Convention: 
 [ 0.65636929  0.65722027 -0.26955927 -0.25412221]
Rotation in openCV Convention: 
 [[-0.00920195  0.72575683 -0.68788978  0.        ]
 [ 0.99976097 -0.00696626 -0.02072362  0.        ]
 [-0.01983233 -0.68791605 -0.72551925  0.        ]
 [ 0.          0.          0.          1.        ]]
-----------------------------------
------------------------------------
Translation mean : 
[1.1842228  0.12304397 0.53836633]
()
Rotation mean : 
[-0.39496801  0.00727283  0.91862981 -0.00812831]
()
Current values
[1.1850279609527112, 0.12185483083045608, 0.5387382514583836]
[-0.3954567987860163, 0.006565633620160098, 0.9184298441291421, -0.007578532971640376]
Quaternion in openCV Convention: 
 [ 0.65637117  0.65722665 -0.26953147 -0.25413033]
Rotation in openCV Convention: 
 [[-0.00918875  0.72577743 -0.68786822  0.        ]
 [ 0.99976207 -0.00694124 -0.02067891  0.        ]
 [-0.01978294 -0.68789457 -0.72554097  0.        ]
 [ 0.          0.          0.          1.        ]]
-----------------------------------
------------------------------------
Translation mean : 
[1.18424456 0.12301183 0.53837638]
()
Rotation mean : 
[-0.39498122  0.00725372  0.9186244  -0.00811345]
()
Current values
[1.1850279609527112, 0.12185483083045608, 0.5387382514583836]
[-0.3954567987860163, 0.006565633620160098, 0.9184298441291421, -0.007578532971640376]
Quaternion in openCV Convention: 
 [ 0.65637294  0.65723268 -0.26950518 -0.254138  ]
Rotation in openCV Convention: 
 [[-0.00917627  0.72579691 -0.68784783  0.        ]
 [ 0.99976311 -0.00691757 -0.02063661  0.        ]
 [-0.01973622 -0.68787425 -0.7255615   0.        ]
 [ 0.          0.          0.          1.        ]]
-----------------------------------
------------------------------------
Translation mean : 
[1.18426517 0.12298139 0.5383859 ]
()
Rotation mean : 
[-0.39499374  0.00723561  0.91861928 -0.00809938]
()
Current values
[1.1850279609527112, 0.12185483083045608, 0.5387382514583836]
[-0.3954567987860163, 0.006565633620160098, 0.9184298441291421, -0.007578532971640376]
Quaternion in openCV Convention: 
 [ 0.65637463  0.65723839 -0.26948027 -0.25414528]
Rotation in openCV Convention: 
 [[-0.00916445  0.72581537 -0.68782851  0.        ]
 [ 0.99976409 -0.00689514 -0.02059654  0.        ]
 [-0.01969196 -0.687855   -0.72558096  0.        ]
 [ 0.          0.          0.          1.        ]]
-----------------------------------
------------------------------------
Translation mean : 
[1.18428473 0.1229525  0.53839494]
()
Rotation mean : 
[-0.39500561  0.00721843  0.91861443 -0.00808602]
()
Current values
[1.1850279609527112, 0.12185483083045608, 0.5387382514583836]
[-0.3954567987860163, 0.006565633620160098, 0.9184298441291421, -0.007578532971640376]
Quaternion in openCV Convention: 
 [ 0.65637622  0.65724381 -0.26945664 -0.25415218]
Rotation in openCV Convention: 
 [[-0.00915324  0.72583289 -0.68781018  0.        ]
 [ 0.99976502 -0.00687387 -0.02055853  0.        ]
 [-0.01964997 -0.68783673 -0.72559941  0.        ]
 [ 0.          0.          0.          1.        ]]
-----------------------------------
------------------------------------
Translation mean : 
[1.18430331 0.12292506 0.53840352]
()
Rotation mean : 
[-0.39501689  0.00720211  0.91860981 -0.00807334]
()
Current values
[1.1850279609527112, 0.12185483083045608, 0.5387382514583836]
[-0.3954567987860163, 0.006565633620160098, 0.9184298441291421, -0.007578532971640376]
Quaternion in openCV Convention: 
 [ 0.65637774  0.65724896 -0.26943418 -0.25415874]
Rotation in openCV Convention: 
 [[-0.00914258  0.72584952 -0.68779276  0.        ]
 [ 0.9997659  -0.00685366 -0.02052241  0.        ]
 [-0.01961008 -0.68781938 -0.72561694  0.        ]
 [ 0.          0.          0.          1.        ]]
-----------------------------------
------------------------------------
Translation mean : 
[1.18432099 0.12289896 0.53841168]
()
Rotation mean : 
[-0.39502762  0.00718659  0.91860542 -0.00806127]
()
Current values
[1.1850279609527112, 0.12185483083045608, 0.5387382514583836]
[-0.3954567987860163, 0.006565633620160098, 0.9184298441291421, -0.007578532971640376]
Quaternion in openCV Convention: 
 [ 0.65637918  0.65725386 -0.26941283 -0.25416497]
Rotation in openCV Convention: 
 [[-0.00913245  0.72586535 -0.6877762   0.        ]
 [ 0.99976674 -0.00683444 -0.02048806  0.        ]
 [-0.01957214 -0.68780287 -0.72563361  0.        ]
 [ 0.          0.          0.          1.        ]]
-----------------------------------
------------------------------------
Translation mean : 
[1.18433782 0.1228741  0.53841946]
()
Rotation mean : 
[-0.39503784  0.0071718   0.91860124 -0.00804977]
()
Current values
[1.1850279609527112, 0.12185483083045608, 0.5387382514583836]
[-0.3954567987860163, 0.006565633620160098, 0.9184298441291421, -0.007578532971640376]
Quaternion in openCV Convention: 
 [ 0.65638055  0.65725852 -0.26939249 -0.25417091]
Rotation in openCV Convention: 
 [[-0.0091228   0.72588042 -0.68776042  0.        ]
 [ 0.99976753 -0.00681613 -0.02045534  0.        ]
 [-0.019536   -0.68778715 -0.72564949  0.        ]
 [ 0.          0.          0.          1.        ]]
-----------------------------------
------------------------------------
Translation mean : 
[1.18435387 0.12285039 0.53842687]
()
Rotation mean : 
[-0.39504758  0.00715771  0.91859726 -0.00803881]
()
Current values
[1.1850279609527112, 0.12185483083045608, 0.5387382514583836]
[-0.3954567987860163, 0.006565633620160098, 0.9184298441291421, -0.007578532971640376]
Quaternion in openCV Convention: 
 [ 0.65638186  0.65726297 -0.2693731  -0.25417658]
Rotation in openCV Convention: 
 [[-0.0091136   0.72589479 -0.68774537  0.        ]
 [ 0.99976829 -0.00679868 -0.02042415  0.        ]
 [-0.01950154 -0.68777215 -0.72566463  0.        ]
 [ 0.          0.          0.          1.        ]]
-----------------------------------
------------------------------------
Translation mean : 
[1.18436919 0.12282777 0.53843395]
()
Rotation mean : 
[-0.39505688  0.00714425  0.91859345 -0.00802835]
()
Current values
[1.1850279609527112, 0.12185483083045608, 0.5387382514583836]
[-0.3954567987860163, 0.006565633620160098, 0.9184298441291421, -0.007578532971640376]
Quaternion in openCV Convention: 
 [ 0.65638311  0.65726722 -0.26935459 -0.25418198]
Rotation in openCV Convention: 
 [[-0.00910482  0.7259085  -0.68773101  0.        ]
 [ 0.99976901 -0.00678202 -0.02039437  0.        ]
 [-0.01946865 -0.68775784 -0.72567908  0.        ]
 [ 0.          0.          0.          1.        ]]
-----------------------------------
------------------------------------
Translation mean : 
[1.18438383 0.12280615 0.53844071]
()
Rotation mean : 
[-0.39506577  0.00713139  0.91858981 -0.00801836]
()
Current values
[1.1850279609527112, 0.12185483083045608, 0.5387382514583836]
[-0.3954567987860163, 0.006565633620160098, 0.9184298441291421, -0.007578532971640376]
Quaternion in openCV Convention: 
 [ 0.65638431  0.65727127 -0.2693369  -0.25418715]
Rotation in openCV Convention: 
 [[-0.00909643  0.72592161 -0.68771729  0.        ]
 [ 0.9997697  -0.0067661  -0.02036591  0.        ]
 [-0.01943722 -0.68774416 -0.72569288  0.        ]
 [ 0.          0.          0.          1.        ]]
-----------------------------------
------------------------------------
Translation mean : 
[1.18439783 0.12278546 0.53844718]
()
Rotation mean : 
[-0.39507427  0.00711909  0.91858634 -0.0080088 ]
()
Current values
[1.1850279609527112, 0.12185483083045608, 0.5387382514583836]
[-0.3954567987860163, 0.006565633620160098, 0.9184298441291421, -0.007578532971640376]
Quaternion in openCV Convention: 
 [ 0.65638545  0.65727515 -0.26931998 -0.25419209]
Rotation in openCV Convention: 
 [[-0.00908841  0.72593415 -0.68770416  0.        ]
 [ 0.99977036 -0.00675087 -0.02033869  0.        ]
 [-0.01940715 -0.68773108 -0.72570609  0.        ]
 [ 0.          0.          0.          1.        ]]
-----------------------------------
------------------------------------
Translation mean : 
[1.18441242 0.12276945 0.53845208]
()
Rotation mean : 
[-0.39508093  0.00710949  0.9185836  -0.00800241]
()
Current values
[1.1850836074482345, 0.1220329593935906, 0.5386774431646948]
[-0.3953873441046755, 0.006667774185938959, 0.9184579265840248, -0.007708826384766612]
Quaternion in openCV Convention: 
 [ 0.65638581  0.65727873 -0.26930729 -0.25419539]
Rotation in openCV Convention: 
 [[-0.00908413  0.72594398 -0.68769384  0.        ]
 [ 0.99977083 -0.00673813 -0.02031943  0.        ]
 [-0.01938454 -0.68772083 -0.72571641  0.        ]
 [ 0.          0.          0.          1.        ]]
-----------------------------------
------------------------------------
Translation mean : 
[1.18442641 0.12275411 0.53845677]
()
Rotation mean : 
[-0.39508731  0.00710029  0.91858099 -0.0079963 ]
()
Current values
[1.1850836074482345, 0.1220329593935906, 0.5386774431646948]
[-0.3953873441046755, 0.006667774185938959, 0.9184579265840248, -0.007708826384766612]
Quaternion in openCV Convention: 
 [ 0.65638615  0.65728215 -0.26929513 -0.25419854]
Rotation in openCV Convention: 
 [[-0.00908003  0.7259534  -0.68768395  0.        ]
 [ 0.99977129 -0.00672591 -0.02030097  0.        ]
 [-0.01936286 -0.687711   -0.72572629  0.        ]
 [ 0.          0.          0.          1.        ]]
-----------------------------------
------------------------------------
Translation mean : 
[1.18443982 0.12273939 0.53846128]
()
Rotation mean : 
[-0.39509344  0.00709146  0.91857848 -0.00799043]
()
Current values
[1.1850836074482345, 0.1220329593935906, 0.5386774431646948]
[-0.3953873441046755, 0.006667774185938959, 0.9184579265840248, -0.007708826384766612]
Quaternion in openCV Convention: 
 [ 0.65638647  0.65728544 -0.26928347 -0.25420157]
Rotation in openCV Convention: 
 [[-0.0090761   0.72596243 -0.68767446  0.        ]
 [ 0.99977173 -0.0067142  -0.02028327  0.        ]
 [-0.01934207 -0.68770158 -0.72573578  0.        ]
 [ 0.          0.          0.          1.        ]]
-----------------------------------
------------------------------------
Translation mean : 
[1.18445269 0.12272526 0.5384656 ]
()
Rotation mean : 
[-0.39509931  0.00708299  0.91857606 -0.0079848 ]
()
Current values
[1.1850836074482345, 0.1220329593935906, 0.5386774431646948]
[-0.3953873441046755, 0.006667774185938959, 0.9184579265840248, -0.007708826384766612]
Quaternion in openCV Convention: 
 [ 0.65638678  0.65728859 -0.26927227 -0.25420448]
Rotation in openCV Convention: 
 [[-0.00907233  0.72597111 -0.68766536  0.        ]
 [ 0.99977215 -0.00670295 -0.02026627  0.        ]
 [-0.01932211 -0.68769253 -0.72574488  0.        ]
 [ 0.          0.          0.          1.        ]]
-----------------------------------
------------------------------------
Translation mean : 
[1.18446507 0.12271169 0.53846976]
()
Rotation mean : 
[-0.39510496  0.00707485  0.91857375 -0.00797939]
()
Current values
[1.1850836074482345, 0.1220329593935906, 0.5386774431646948]
[-0.3953873441046755, 0.006667774185938959, 0.9184579265840248, -0.007708826384766612]
Quaternion in openCV Convention: 
 [ 0.65638708  0.65729163 -0.26926151 -0.25420728]
Rotation in openCV Convention: 
 [[-0.0090687   0.72597944 -0.6876566   0.        ]
 [ 0.99977255 -0.00669215 -0.02024994  0.        ]
 [-0.01930294 -0.68768384 -0.72575363  0.        ]
 [ 0.          0.          0.          1.        ]]
-----------------------------------
------------------------------------
Translation mean : 
[1.18447696 0.12269864 0.53847375]
()
Rotation mean : 
[-0.39511039  0.00706702  0.91857152 -0.00797418]
()
Current values
[1.1850836074482345, 0.1220329593935906, 0.5386774431646948]
[-0.3953873441046755, 0.006667774185938959, 0.9184579265840248, -0.007708826384766612]
Quaternion in openCV Convention: 
 [ 0.65638737  0.65729454 -0.26925116 -0.25420996]
Rotation in openCV Convention: 
 [[-0.00906522  0.72598746 -0.68764819  0.        ]
 [ 0.99977294 -0.00668176 -0.02023423  0.        ]
 [-0.0192845  -0.68767548 -0.72576204  0.        ]
 [ 0.          0.          0.          1.        ]]
-----------------------------------
------------------------------------
Translation mean : 
[1.18448841 0.12268608 0.53847759]
()
Rotation mean : 
[-0.39511562  0.00705949  0.91856938 -0.00796918]
()
Current values
[1.1850836074482345, 0.1220329593935906, 0.5386774431646948]
[-0.3953873441046755, 0.006667774185938959, 0.9184579265840248, -0.007708826384766612]
Quaternion in openCV Convention: 
 [ 0.65638765  0.65729734 -0.26924121 -0.25421255]
Rotation in openCV Convention: 
 [[-0.00906186  0.72599517 -0.68764009  0.        ]
 [ 0.99977331 -0.00667176 -0.02021912  0.        ]
 [-0.01926676 -0.68766744 -0.72577014  0.        ]
 [ 0.          0.          0.          1.        ]]
-----------------------------------
------------------------------------
Translation mean : 
[1.18449943 0.12267398 0.53848129]
()
Rotation mean : 
[-0.39512065  0.00705223  0.91856731 -0.00796436]
()
Current values
[1.1850836074482345, 0.1220329593935906, 0.5386774431646948]
[-0.3953873441046755, 0.006667774185938959, 0.9184579265840248, -0.007708826384766612]
Quaternion in openCV Convention: 
 [ 0.65638792  0.65730004 -0.26923163 -0.25421504]
Rotation in openCV Convention: 
 [[-0.00905863  0.7260026  -0.68763229  0.        ]
 [ 0.99977367 -0.00666214 -0.02020457  0.        ]
 [-0.01924967 -0.68765969 -0.72577793  0.        ]
 [ 0.          0.          0.          1.        ]]
-----------------------------------
------------------------------------
Translation mean : 
[1.18451005 0.12266233 0.53848486]
()
Rotation mean : 
[-0.3951255   0.00704524  0.91856532 -0.00795971]
()
Current values
[1.1850836074482345, 0.1220329593935906, 0.5386774431646948]
[-0.3953873441046755, 0.006667774185938959, 0.9184579265840248, -0.007708826384766612]
Quaternion in openCV Convention: 
 [ 0.65638818  0.65730265 -0.26922239 -0.25421744]
Rotation in openCV Convention: 
 [[-0.00905552  0.72600975 -0.68762478  0.        ]
 [ 0.99977402 -0.00665286 -0.02019055  0.        ]
 [-0.01923321 -0.68765222 -0.72578544  0.        ]
 [ 0.          0.          0.          1.        ]]
-----------------------------------
------------------------------------
Translation mean : 
[1.18452029 0.12265109 0.5384883 ]
()
Rotation mean : 
[-0.39513017  0.0070385   0.91856341 -0.00795523]
()
Current values
[1.1850836074482345, 0.1220329593935906, 0.5386774431646948]
[-0.3953873441046755, 0.006667774185938959, 0.9184579265840248, -0.007708826384766612]
Quaternion in openCV Convention: 
 [ 0.65638843  0.65730516 -0.26921348 -0.25421975]
Rotation in openCV Convention: 
 [[-0.00905252  0.72601665 -0.68761753  0.        ]
 [ 0.99977435 -0.00664392 -0.02017703  0.        ]
 [-0.01921733 -0.68764503 -0.72579268  0.        ]
 [ 0.          0.          0.          1.        ]]
-----------------------------------
------------------------------------
Translation mean : 
[1.18453017 0.12264024 0.53849162]
()
Rotation mean : 
[-0.39513469  0.007032    0.91856156 -0.00795091]
()
Current values
[1.1850836074482345, 0.1220329593935906, 0.5386774431646948]
[-0.3953873441046755, 0.006667774185938959, 0.9184579265840248, -0.007708826384766612]
Quaternion in openCV Convention: 
 [ 0.65638867  0.65730758 -0.26920489 -0.25422198]
Rotation in openCV Convention: 
 [[-0.00904963  0.72602331 -0.68761054  0.        ]
 [ 0.99977467 -0.00663529 -0.02016398  0.        ]
 [-0.01920201 -0.68763808 -0.72579967  0.        ]
 [ 0.          0.          0.          1.        ]]
-----------------------------------
------------------------------------
Translation mean : 
[1.18453972 0.12262977 0.53849482]
()
Rotation mean : 
[-0.39513904  0.00702572  0.91855977 -0.00794673]
()
Current values
[1.1850836074482345, 0.1220329593935906, 0.5386774431646948]
[-0.3953873441046755, 0.006667774185938959, 0.9184579265840248, -0.007708826384766612]
Quaternion in openCV Convention: 
 [ 0.6563889   0.65730991 -0.26919659 -0.25422414]
Rotation in openCV Convention: 
 [[-0.00904683  0.72602974 -0.68760379  0.        ]
 [ 0.99977498 -0.00662696 -0.02015138  0.        ]
 [-0.01918722 -0.68763137 -0.72580641  0.        ]
 [ 0.          0.          0.          1.        ]]
-----------------------------------
------------------------------------
Translation mean : 
[1.18454894 0.12261966 0.53849792]
()
