------------------------------------
Translation mean : 
[1.21117201 0.03377563 0.35848234]
()
Rotation mean : 
[-0.17401608  0.01313744  0.98431389  0.0259224 ]
()
Current values
[1.2111720073531556, 0.033775627960741524, 0.3584823370764643]
[-0.17401608198121243, 0.013137444374936524, 0.9843138930757485, 0.02592239698150997]
Quaternion in openCV Convention: 
 [ 0.59869491  0.55963507 -0.39875643 -0.41154138]
Rotation in openCV Convention: 
 [[ 0.0556038   0.34189179 -0.93809287  0.        ]
 [ 0.99831087 -0.03488457  0.0464593   0.        ]
 [-0.01684091 -0.93909162 -0.343254    0.        ]
 [ 0.          0.          0.          1.        ]]
-----------------------------------
------------------------------------
Translation mean : 
[1.21117201 0.03377563 0.35848234]
()
Rotation mean : 
[-0.17401608  0.01313744  0.98431389  0.0259224 ]
()
Current values
[1.2111720073531556, 0.033775627960741524, 0.3584823370764643]
[-0.17401608198121243, 0.013137444374936524, 0.9843138930757485, 0.02592239698150997]
Quaternion in openCV Convention: 
 [ 0.59869491  0.55963507 -0.39875643 -0.41154138]
Rotation in openCV Convention: 
 [[ 0.0556038   0.34189179 -0.93809287  0.        ]
 [ 0.99831087 -0.03488457  0.0464593   0.        ]
 [-0.01684091 -0.93909162 -0.343254    0.        ]
 [ 0.          0.          0.          1.        ]]
-----------------------------------
------------------------------------
Translation mean : 
[1.21133839 0.03437057 0.35809944]
()
Rotation mean : 
[-0.17373839  0.01306752  0.9843722   0.02559693]
()
Current values
[1.2116711496736636, 0.0355604649694955, 0.3573336417534051]
[-0.17318301441809578, 0.012927659925164888, 0.9844888096651832, 0.02494599707269683]
Quaternion in openCV Convention: 
 [ 0.59838752  0.55972307 -0.3990522  -0.41158161]
Rotation in openCV Convention: 
 [[ 0.05493449  0.34137764 -0.93831951  0.        ]
 [ 0.99834807 -0.03462095  0.04585317  0.        ]
 [-0.01683227 -0.9392884  -0.3427156   0.        ]
 [ 0.          0.          0.          1.        ]]
-----------------------------------
------------------------------------
Translation mean : 
[1.21142158 0.03466805 0.35790799]
()
Rotation mean : 
[-0.17359955  0.01303255  0.98440135  0.0254342 ]
()
Current values
[1.2116711496736636, 0.0355604649694955, 0.3573336417534051]
[-0.17318301441809578, 0.012927659925164888, 0.9844888096651832, 0.02494599707269683]
Quaternion in openCV Convention: 
 [ 0.59823382  0.55976708 -0.39920008 -0.41160172]
Rotation in openCV Convention: 
 [[ 0.05459983  0.34112046 -0.93843257  0.        ]
 [ 0.99836651 -0.03448927  0.04555005  0.        ]
 [-0.0168278  -0.93938667 -0.34244635  0.        ]
 [ 0.          0.          0.          1.        ]]
-----------------------------------
------------------------------------
Translation mean : 
[1.21147149 0.03484653 0.35779312]
()
Rotation mean : 
[-0.17351624  0.01301157  0.98441884  0.02533656]
()
Current values
[1.2116711496736636, 0.0355604649694955, 0.3573336417534051]
[-0.17318301441809578, 0.012927659925164888, 0.9844888096651832, 0.02494599707269683]
Quaternion in openCV Convention: 
 [ 0.59814161  0.55979348 -0.39928881 -0.41161379]
Rotation in openCV Convention: 
 [[ 0.05439903  0.34096612 -0.93850032  0.        ]
 [ 0.99837751 -0.0344103   0.04536815  0.        ]
 [-0.01682508 -0.9394456  -0.34228479  0.        ]
 [ 0.          0.          0.          1.        ]]
-----------------------------------
------------------------------------
Translation mean : 
[1.21150477 0.03496552 0.35771654]
()
Rotation mean : 
[-0.1734607   0.01299759  0.9844305   0.02527146]
()
Current values
[1.2116711496736636, 0.0355604649694955, 0.3573336417534051]
[-0.17318301441809578, 0.012927659925164888, 0.9844888096651832, 0.02494599707269683]
Quaternion in openCV Convention: 
 [ 0.59808013  0.55981108 -0.39934796 -0.41162184]
Rotation in openCV Convention: 
 [[ 0.05426516  0.34086321 -0.93854545  0.        ]
 [ 0.99838483 -0.03435767  0.04524688  0.        ]
 [-0.01682324 -0.93948487 -0.34217708  0.        ]
 [ 0.          0.          0.          1.        ]]
-----------------------------------
------------------------------------
Translation mean : 
[1.21152854 0.03505051 0.35766184]
()
Rotation mean : 
[-0.17342103  0.0129876   0.98443883  0.02522497]
()
Current values
[1.2116711496736636, 0.0355604649694955, 0.3573336417534051]
[-0.17318301441809578, 0.012927659925164888, 0.9844888096651832, 0.02494599707269683]
Quaternion in openCV Convention: 
 [ 0.59803622  0.55982365 -0.39939021 -0.41162758]
Rotation in openCV Convention: 
 [[ 0.05416954  0.3407897  -0.93857767  0.        ]
 [ 0.99839005 -0.03432008  0.04516025  0.        ]
 [-0.01682192 -0.93951291 -0.34210014  0.        ]
 [ 0.          0.          0.          1.        ]]
-----------------------------------
------------------------------------
Translation mean : 
[1.21154636 0.03511426 0.35762082]
()
Rotation mean : 
[-0.17339128  0.01298011  0.98444508  0.0251901 ]
()
Current values
[1.2116711496736636, 0.0355604649694955, 0.3573336417534051]
[-0.17318301441809578, 0.012927659925164888, 0.9844888096651832, 0.02494599707269683]
Quaternion in openCV Convention: 
 [ 0.59800328  0.55983308 -0.3994219  -0.4116319 ]
Rotation in openCV Convention: 
 [[ 0.05409783  0.34073456 -0.93860183  0.        ]
 [ 0.99839395 -0.0342919   0.04509527  0.        ]
 [-0.01682092 -0.93953394 -0.34204244  0.        ]
 [ 0.          0.          0.          1.        ]]
-----------------------------------
------------------------------------
Translation mean : 
[1.21156023 0.03516383 0.35758891]
()
Rotation mean : 
[-0.17336814  0.01297428  0.98444994  0.02516297]
()
Current values
[1.2116711496736636, 0.0355604649694955, 0.3573336417534051]
[-0.17318301441809578, 0.012927659925164888, 0.9844888096651832, 0.02494599707269683]
Quaternion in openCV Convention: 
 [ 0.59797767  0.55984041 -0.39944655 -0.41163525]
Rotation in openCV Convention: 
 [[ 0.05404205  0.34069167 -0.93862061  0.        ]
 [ 0.99839699 -0.03426998  0.04504474  0.        ]
 [-0.01682014 -0.93955029 -0.34199756  0.        ]
 [ 0.          0.          0.          1.        ]]
-----------------------------------
------------------------------------
Translation mean : 
[1.21157132 0.0352035  0.35756338]
()
Rotation mean : 
[-0.17334963  0.01296962  0.98445383  0.02514128]
()
Current values
[1.2116711496736636, 0.0355604649694955, 0.3573336417534051]
[-0.17318301441809578, 0.012927659925164888, 0.9844888096651832, 0.02494599707269683]
Quaternion in openCV Convention: 
 [ 0.59795717  0.55984628 -0.39946627 -0.41163793]
Rotation in openCV Convention: 
 [[ 0.05399742  0.34065736 -0.93863563  0.        ]
 [ 0.99839941 -0.03425245  0.04500431  0.        ]
 [-0.01681952 -0.93956337 -0.34196165  0.        ]
 [ 0.          0.          0.          1.        ]]
-----------------------------------
------------------------------------
Translation mean : 
[1.2115804  0.03523595 0.3575425 ]
()
Rotation mean : 
[-0.17333448  0.0129658   0.98445701  0.02512352]
()
Current values
[1.2116711496736636, 0.0355604649694955, 0.3573336417534051]
[-0.17318301441809578, 0.012927659925164888, 0.9844888096651832, 0.02494599707269683]
Quaternion in openCV Convention: 
 [ 0.59794041  0.55985108 -0.3994824  -0.41164012]
Rotation in openCV Convention: 
 [[ 0.05396091  0.34062928 -0.93864792  0.        ]
 [ 0.99840139 -0.03423811  0.04497123  0.        ]
 [-0.01681901 -0.93957408 -0.34193227  0.        ]
 [ 0.          0.          0.          1.        ]]
-----------------------------------
------------------------------------
Translation mean : 
[1.21158796 0.03526299 0.35752509]
()
Rotation mean : 
[-0.17332186  0.01296262  0.98445966  0.02510873]
()
Current values
[1.2116711496736636, 0.0355604649694955, 0.3573336417534051]
[-0.17318301441809578, 0.012927659925164888, 0.9844888096651832, 0.02494599707269683]
Quaternion in openCV Convention: 
 [ 0.59792644  0.55985508 -0.39949585 -0.41164195]
Rotation in openCV Convention: 
 [[ 0.05393049  0.34060589 -0.93865816  0.        ]
 [ 0.99840304 -0.03422615  0.04494366  0.        ]
 [-0.01681858 -0.93958299 -0.34190779  0.        ]
 [ 0.          0.          0.          1.        ]]
-----------------------------------
------------------------------------
Translation mean : 
[1.21159436 0.03528587 0.35751036]
()
Rotation mean : 
[-0.17331118  0.01295993  0.9844619   0.02509621]
()
Current values
[1.2116711496736636, 0.0355604649694955, 0.3573336417534051]
[-0.17318301441809578, 0.012927659925164888, 0.9844888096651832, 0.02494599707269683]
Quaternion in openCV Convention: 
 [ 0.59791461  0.55985847 -0.39950722 -0.4116435 ]
Rotation in openCV Convention: 
 [[ 0.05390475  0.34058609 -0.93866682  0.        ]
 [ 0.99840444 -0.03421604  0.04492034  0.        ]
 [-0.01681822 -0.93959054 -0.34188707  0.        ]
 [ 0.          0.          0.          1.        ]]
-----------------------------------
------------------------------------
Translation mean : 
[1.21159984 0.03530549 0.35749774]
()
Rotation mean : 
[-0.17330202  0.01295763  0.98446382  0.02508548]
()
Current values
[1.2116711496736636, 0.0355604649694955, 0.3573336417534051]
[-0.17318301441809578, 0.012927659925164888, 0.9844888096651832, 0.02494599707269683]
Quaternion in openCV Convention: 
 [ 0.59790448  0.55986137 -0.39951697 -0.41164483]
Rotation in openCV Convention: 
 [[ 0.05388268  0.34056912 -0.93867424  0.        ]
 [ 0.99840564 -0.03420737  0.04490034  0.        ]
 [-0.01681791 -0.939597   -0.34186931  0.        ]
 [ 0.          0.          0.          1.        ]]
-----------------------------------
------------------------------------
Translation mean : 
[1.2116046  0.03532249 0.3574868 ]
()
Rotation mean : 
[-0.17329409  0.01295563  0.98446549  0.02507618]
()
Current values
[1.2116711496736636, 0.0355604649694955, 0.3573336417534051]
[-0.17318301441809578, 0.012927659925164888, 0.9844888096651832, 0.02494599707269683]
Quaternion in openCV Convention: 
 [ 0.5978957   0.55986388 -0.39952542 -0.41164597]
Rotation in openCV Convention: 
 [[ 0.05386355  0.34055441 -0.93868067  0.        ]
 [ 0.99840667 -0.03419986  0.04488302  0.        ]
 [-0.01681764 -0.93960261 -0.34185393  0.        ]
 [ 0.          0.          0.          1.        ]]
-----------------------------------
------------------------------------
Translation mean : 
[1.21160876 0.03533736 0.35747723]
()
Rotation mean : 
[-0.17328715  0.01295388  0.98446695  0.02506805]
()
Current values
[1.2116711496736636, 0.0355604649694955, 0.3573336417534051]
[-0.17318301441809578, 0.012927659925164888, 0.9844888096651832, 0.02494599707269683]
Quaternion in openCV Convention: 
 [ 0.59788801  0.55986608 -0.39953282 -0.41164698]
Rotation in openCV Convention: 
 [[ 0.05384682  0.34054155 -0.9386863   0.        ]
 [ 0.99840758 -0.03419329  0.04486785  0.        ]
 [-0.0168174  -0.93960751 -0.34184046  0.        ]
 [ 0.          0.          0.          1.        ]]
-----------------------------------
------------------------------------
Translation mean : 
[1.21161243 0.03535048 0.35746878]
()
Rotation mean : 
[-0.17328102  0.01295234  0.98446823  0.02506087]
()
Current values
[1.2116711496736636, 0.0355604649694955, 0.3573336417534051]
[-0.17318301441809578, 0.012927659925164888, 0.9844888096651832, 0.02494599707269683]
Quaternion in openCV Convention: 
 [ 0.59788123  0.55986802 -0.39953934 -0.41164787]
Rotation in openCV Convention: 
 [[ 0.05383206  0.34053019 -0.93869127  0.        ]
 [ 0.99840838 -0.03418749  0.04485447  0.        ]
 [-0.01681719 -0.93961184 -0.34182858  0.        ]
 [ 0.          0.          0.          1.        ]]
-----------------------------------
------------------------------------
Translation mean : 
[1.21161569 0.03536215 0.35746127]
()
Rotation mean : 
[-0.17327558  0.01295097  0.98446937  0.02505449]
()
Current values
[1.2116711496736636, 0.0355604649694955, 0.3573336417534051]
[-0.17318301441809578, 0.012927659925164888, 0.9844888096651832, 0.02494599707269683]
Quaternion in openCV Convention: 
 [ 0.5978752   0.55986975 -0.39954514 -0.41164866]
Rotation in openCV Convention: 
 [[ 0.05381893  0.3405201  -0.93869568  0.        ]
 [ 0.99840909 -0.03418233  0.04484258  0.        ]
 [-0.01681701 -0.93961568 -0.34181802  0.        ]
 [ 0.          0.          0.          1.        ]]
-----------------------------------
------------------------------------
Translation mean : 
[1.21161861 0.03537259 0.35745456]
()
Rotation mean : 
[-0.17327071  0.01294974  0.9844704   0.02504878]
()
Current values
[1.2116711496736636, 0.0355604649694955, 0.3573336417534051]
[-0.17318301441809578, 0.012927659925164888, 0.9844888096651832, 0.02494599707269683]
Quaternion in openCV Convention: 
 [ 0.59786981  0.55987129 -0.39955033 -0.41164936]
Rotation in openCV Convention: 
 [[ 0.05380719  0.34051107 -0.93869963  0.        ]
 [ 0.99840973 -0.03417772  0.04483194  0.        ]
 [-0.01681684 -0.93961912 -0.34180857  0.        ]
 [ 0.          0.          0.          1.        ]]
-----------------------------------
------------------------------------
Translation mean : 
[1.21162124 0.03538198 0.35744851]
()
Rotation mean : 
[-0.17326632  0.01294864  0.98447132  0.02504364]
()
Current values
[1.2116711496736636, 0.0355604649694955, 0.3573336417534051]
[-0.17318301441809578, 0.012927659925164888, 0.9844888096651832, 0.02494599707269683]
Quaternion in openCV Convention: 
 [ 0.59786496  0.55987268 -0.399555   -0.41165   ]
Rotation in openCV Convention: 
 [[ 0.05379662  0.34050294 -0.93870319  0.        ]
 [ 0.9984103  -0.03417357  0.04482237  0.        ]
 [-0.01681669 -0.93962222 -0.34180006  0.        ]
 [ 0.          0.          0.          1.        ]]
-----------------------------------
------------------------------------
Translation mean : 
[1.21162361 0.03539048 0.35744304]
()
Rotation mean : 
[-0.17326235  0.01294764  0.98447215  0.02503899]
()
Current values
[1.2116711496736636, 0.0355604649694955, 0.3573336417534051]
[-0.17318301441809578, 0.012927659925164888, 0.9844888096651832, 0.02494599707269683]
Quaternion in openCV Convention: 
 [ 0.59786057  0.55987394 -0.39955922 -0.41165057]
Rotation in openCV Convention: 
 [[ 0.05378706  0.34049558 -0.9387064   0.        ]
 [ 0.99841082 -0.03416981  0.0448137   0.        ]
 [-0.01681656 -0.93962502 -0.34179237  0.        ]
 [ 0.          0.          0.          1.        ]]
-----------------------------------
------------------------------------
Translation mean : 
[1.21162577 0.03539821 0.35743807]
()
Rotation mean : 
[-0.17325875  0.01294673  0.98447291  0.02503476]
()
Current values
[1.2116711496736636, 0.0355604649694955, 0.3573336417534051]
[-0.17318301441809578, 0.012927659925164888, 0.9844888096651832, 0.02494599707269683]
Quaternion in openCV Convention: 
 [ 0.59785657  0.55987508 -0.39956307 -0.41165109]
Rotation in openCV Convention: 
 [[ 0.05377836  0.3404889  -0.93870933  0.        ]
 [ 0.99841129 -0.0341664   0.04480582  0.        ]
 [-0.01681643 -0.93962757 -0.34178537  0.        ]
 [ 0.          0.          0.          1.        ]]
-----------------------------------
------------------------------------
Translation mean : 
[1.21162775 0.03540526 0.35743353]
()
Rotation mean : 
[-0.17325546  0.0129459   0.9844736   0.0250309 ]
()
Current values
[1.2116711496736636, 0.0355604649694955, 0.3573336417534051]
[-0.17318301441809578, 0.012927659925164888, 0.9844888096651832, 0.02494599707269683]
Quaternion in openCV Convention: 
 [ 0.59785293  0.55987613 -0.39956657 -0.41165157]
Rotation in openCV Convention: 
 [[ 0.05377043  0.34048279 -0.93871199  0.        ]
 [ 0.99841171 -0.03416328  0.04479863  0.        ]
 [-0.01681632 -0.93962989 -0.34177898  0.        ]
 [ 0.          0.          0.          1.        ]]
-----------------------------------
------------------------------------
Translation mean : 
[1.21162955 0.03541173 0.35742937]
()
Rotation mean : 
[-0.17325244  0.01294514  0.98447423  0.02502736]
()
Current values
[1.2116711496736636, 0.0355604649694955, 0.3573336417534051]
[-0.17318301441809578, 0.012927659925164888, 0.9844888096651832, 0.02494599707269683]
Quaternion in openCV Convention: 
 [ 0.59784959  0.55987708 -0.39956979 -0.41165201]
Rotation in openCV Convention: 
 [[ 0.05376315  0.3404772  -0.93871444  0.        ]
 [ 0.99841211 -0.03416043  0.04479204  0.        ]
 [-0.01681622 -0.93963203 -0.34177313  0.        ]
 [ 0.          0.          0.          1.        ]]
-----------------------------------
------------------------------------
Translation mean : 
[1.21163122 0.03541768 0.35742554]
()
Rotation mean : 
[-0.17324966  0.01294444  0.98447482  0.02502411]
()
Current values
[1.2116711496736636, 0.0355604649694955, 0.3573336417534051]
[-0.17318301441809578, 0.012927659925164888, 0.9844888096651832, 0.02494599707269683]
Quaternion in openCV Convention: 
 [ 0.59784651  0.55987796 -0.39957275 -0.41165241]
Rotation in openCV Convention: 
 [[ 0.05375646  0.34047205 -0.93871669  0.        ]
 [ 0.99841247 -0.0341578   0.04478598  0.        ]
 [-0.01681612 -0.93963399 -0.34176774  0.        ]
 [ 0.          0.          0.          1.        ]]
-----------------------------------
------------------------------------
Translation mean : 
[1.21163275 0.03542317 0.357422  ]
()
Rotation mean : 
[-0.1732471   0.0129438   0.98447535  0.0250211 ]
()
Current values
[1.2116711496736636, 0.0355604649694955, 0.3573336417534051]
[-0.17318301441809578, 0.012927659925164888, 0.9844888096651832, 0.02494599707269683]
Quaternion in openCV Convention: 
 [ 0.59784368  0.55987877 -0.39957548 -0.41165278]
Rotation in openCV Convention: 
 [[ 0.05375028  0.3404673  -0.93871877  0.        ]
 [ 0.9984128  -0.03415537  0.04478038  0.        ]
 [-0.01681603 -0.9396358  -0.34176277  0.        ]
 [ 0.          0.          0.          1.        ]]
-----------------------------------
------------------------------------
Translation mean : 
[1.21163418 0.03542825 0.35741873]
()
Rotation mean : 
[-0.17324472  0.0129432   0.98447585  0.02501832]
()
Current values
[1.2116711496736636, 0.0355604649694955, 0.3573336417534051]
[-0.17318301441809578, 0.012927659925164888, 0.9844888096651832, 0.02494599707269683]
Quaternion in openCV Convention: 
 [ 0.59784105  0.55987953 -0.399578   -0.41165313]
Rotation in openCV Convention: 
 [[ 0.05374456  0.3404629  -0.93872069  0.        ]
 [ 0.99841311 -0.03415312  0.04477519  0.        ]
 [-0.01681595 -0.93963747 -0.34175817  0.        ]
 [ 0.          0.          0.          1.        ]]
-----------------------------------
------------------------------------
Translation mean : 
[1.2116355  0.03543298 0.35741569]
()
Rotation mean : 
[-0.17324252  0.01294264  0.98447632  0.02501574]
()
Current values
[1.2116711496736636, 0.0355604649694955, 0.3573336417534051]
[-0.17318301441809578, 0.012927659925164888, 0.9844888096651832, 0.02494599707269683]
Quaternion in openCV Convention: 
 [ 0.59783861  0.55988023 -0.39958035 -0.41165345]
Rotation in openCV Convention: 
 [[ 0.05373925  0.34045881 -0.93872248  0.        ]
 [ 0.9984134  -0.03415104  0.04477038  0.        ]
 [-0.01681588 -0.93963903 -0.34175389  0.        ]
 [ 0.          0.          0.          1.        ]]
-----------------------------------
------------------------------------
Translation mean : 
[1.21163673 0.03543737 0.35741286]
()
Rotation mean : 
[-0.17324047  0.01294213  0.98447675  0.02501333]
()
Current values
[1.2116711496736636, 0.0355604649694955, 0.3573336417534051]
[-0.17318301441809578, 0.012927659925164888, 0.9844888096651832, 0.02494599707269683]
Quaternion in openCV Convention: 
 [ 0.59783634  0.55988088 -0.39958254 -0.41165374]
Rotation in openCV Convention: 
 [[ 0.0537343   0.34045501 -0.93872414  0.        ]
 [ 0.99841367 -0.0341491   0.0447659   0.        ]
 [-0.01681581 -0.93964048 -0.34174991  0.        ]
 [ 0.          0.          0.          1.        ]]
-----------------------------------
------------------------------------
Translation mean : 
[1.21163787 0.03544148 0.35741022]
()
Rotation mean : 
[-0.17323855  0.01294165  0.98447715  0.02501109]
()
Current values
[1.2116711496736636, 0.0355604649694955, 0.3573336417534051]
[-0.17318301441809578, 0.012927659925164888, 0.9844888096651832, 0.02494599707269683]
Quaternion in openCV Convention: 
 [ 0.59783422  0.55988148 -0.39958458 -0.41165402]
Rotation in openCV Convention: 
 [[ 0.05372968  0.34045146 -0.93872569  0.        ]
 [ 0.99841392 -0.03414728  0.04476171  0.        ]
 [-0.01681574 -0.93964183 -0.3417462   0.        ]
 [ 0.          0.          0.          1.        ]]
-----------------------------------
------------------------------------
Translation mean : 
[1.21163895 0.03544531 0.35740775]
()
Rotation mean : 
[-0.17323676  0.01294119  0.98447752  0.02500899]
()
Current values
[1.2116711496736636, 0.0355604649694955, 0.3573336417534051]
[-0.17318301441809578, 0.012927659925164888, 0.9844888096651832, 0.02494599707269683]
Quaternion in openCV Convention: 
 [ 0.59783224  0.55988205 -0.39958648 -0.41165428]
Rotation in openCV Convention: 
 [[ 0.05372537  0.34044814 -0.93872714  0.        ]
 [ 0.99841415 -0.03414559  0.0447578   0.        ]
 [-0.01681568 -0.93964309 -0.34174272  0.        ]
 [ 0.          0.          0.          1.        ]]
-----------------------------------
------------------------------------
Translation mean : 
[1.21163995 0.03544891 0.35740544]
()
Rotation mean : 
[-0.17323508  0.01294077  0.98447788  0.02500702]
()
Current values
[1.2116711496736636, 0.0355604649694955, 0.3573336417534051]
[-0.17318301441809578, 0.012927659925164888, 0.9844888096651832, 0.02494599707269683]
Quaternion in openCV Convention: 
 [ 0.59783038  0.55988258 -0.39958827 -0.41165452]
Rotation in openCV Convention: 
 [[ 0.05372132  0.34044502 -0.9387285   0.        ]
 [ 0.99841437 -0.034144    0.04475413  0.        ]
 [-0.01681562 -0.93964428 -0.34173946  0.        ]
 [ 0.          0.          0.          1.        ]]
-----------------------------------
------------------------------------
Translation mean : 
[1.2116409  0.03545229 0.35740326]
()
Rotation mean : 
[-0.1732335   0.01294037  0.98447821  0.02500517]
()
Current values
[1.2116711496736636, 0.0355604649694955, 0.3573336417534051]
[-0.17318301441809578, 0.012927659925164888, 0.9844888096651832, 0.02494599707269683]
Quaternion in openCV Convention: 
 [ 0.59782863  0.55988308 -0.39958995 -0.41165475]
Rotation in openCV Convention: 
 [[ 0.05371751  0.3404421  -0.93872978  0.        ]
 [ 0.99841458 -0.0341425   0.04475069  0.        ]
 [-0.01681557 -0.93964539 -0.3417364   0.        ]
 [ 0.          0.          0.          1.        ]]
-----------------------------------
------------------------------------
Translation mean : 
[1.21164179 0.03545547 0.35740121]
()
Rotation mean : 
[-0.17323202  0.01294     0.98447852  0.02500343]
()
Current values
[1.2116711496736636, 0.0355604649694955, 0.3573336417534051]
[-0.17318301441809578, 0.012927659925164888, 0.9844888096651832, 0.02494599707269683]
Quaternion in openCV Convention: 
 [ 0.59782699  0.55988355 -0.39959153 -0.41165497]
Rotation in openCV Convention: 
 [[ 0.05371393  0.34043935 -0.93873099  0.        ]
 [ 0.99841477 -0.0341411   0.04474744  0.        ]
 [-0.01681552 -0.93964644 -0.34173352  0.        ]
 [ 0.          0.          0.          1.        ]]
-----------------------------------
------------------------------------
Translation mean : 
[1.21164263 0.03545847 0.35739928]
()
Rotation mean : 
[-0.17323062  0.01293965  0.98447881  0.02500179]
()
Current values
[1.2116711496736636, 0.0355604649694955, 0.3573336417534051]
[-0.17318301441809578, 0.012927659925164888, 0.9844888096651832, 0.02494599707269683]
Quaternion in openCV Convention: 
 [ 0.59782544  0.559884   -0.39959303 -0.41165517]
Rotation in openCV Convention: 
 [[ 0.05371056  0.34043675 -0.93873212  0.        ]
 [ 0.99841495 -0.03413977  0.04474439  0.        ]
 [-0.01681547 -0.93964743 -0.34173081  0.        ]
 [ 0.          0.          0.          1.        ]]
-----------------------------------
------------------------------------
Translation mean : 
[1.21164342 0.03546131 0.35739746]
()
Rotation mean : 
[-0.1732293   0.01293931  0.98447909  0.02500024]
()
Current values
[1.2116711496736636, 0.0355604649694955, 0.3573336417534051]
[-0.17318301441809578, 0.012927659925164888, 0.9844888096651832, 0.02494599707269683]
Quaternion in openCV Convention: 
 [ 0.59782397  0.55988442 -0.39959443 -0.41165536]
Rotation in openCV Convention: 
 [[ 0.05370737  0.3404343  -0.93873319  0.        ]
 [ 0.99841512 -0.03413852  0.0447415   0.        ]
 [-0.01681542 -0.93964836 -0.34172824  0.        ]
 [ 0.          0.          0.          1.        ]]
-----------------------------------
------------------------------------
Translation mean : 
[1.21164417 0.03546399 0.35739573]
()
Rotation mean : 
[-0.17322805  0.012939    0.98447935  0.02499878]
()
Current values
[1.2116711496736636, 0.0355604649694955, 0.3573336417534051]
[-0.17318301441809578, 0.012927659925164888, 0.9844888096651832, 0.02494599707269683]
Quaternion in openCV Convention: 
 [ 0.59782259  0.55988481 -0.39959577 -0.41165554]
Rotation in openCV Convention: 
 [[ 0.05370436  0.34043198 -0.93873421  0.        ]
 [ 0.99841529 -0.03413734  0.04473877  0.        ]
 [-0.01681538 -0.93964925 -0.34172582  0.        ]
 [ 0.          0.          0.          1.        ]]
-----------------------------------
------------------------------------
Translation mean : 
[1.21164488 0.03546653 0.3573941 ]
()
Rotation mean : 
[-0.17322686  0.0129387   0.9844796   0.02499739]
()
Current values
[1.2116711496736636, 0.0355604649694955, 0.3573336417534051]
[-0.17318301441809578, 0.012927659925164888, 0.9844888096651832, 0.02494599707269683]
Quaternion in openCV Convention: 
 [ 0.59782128  0.55988519 -0.39959703 -0.41165571]
Rotation in openCV Convention: 
 [[ 0.0537015   0.34042978 -0.93873517  0.        ]
 [ 0.99841544 -0.03413622  0.04473618  0.        ]
 [-0.01681534 -0.93965008 -0.34172352  0.        ]
 [ 0.          0.          0.          1.        ]]
-----------------------------------
------------------------------------
Translation mean : 
[1.21164555 0.03546893 0.35739255]
()
Rotation mean : 
[-0.17322574  0.01293842  0.98447984  0.02499607]
()
Current values
[1.2116711496736636, 0.0355604649694955, 0.3573336417534051]
[-0.17318301441809578, 0.012927659925164888, 0.9844888096651832, 0.02494599707269683]
Quaternion in openCV Convention: 
 [ 0.59782003  0.55988554 -0.39959823 -0.41165588]
Rotation in openCV Convention: 
 [[ 0.05369879  0.3404277  -0.93873608  0.        ]
 [ 0.99841559 -0.03413515  0.04473372  0.        ]
 [-0.0168153  -0.93965088 -0.34172134  0.        ]
 [ 0.          0.          0.          1.        ]]
-----------------------------------
------------------------------------
Translation mean : 
[1.21164619 0.03547122 0.35739108]
()
Rotation mean : 
[-0.17322467  0.01293815  0.98448006  0.02499482]
()
Current values
[1.2116711496736636, 0.0355604649694955, 0.3573336417534051]
[-0.17318301441809578, 0.012927659925164888, 0.9844888096651832, 0.02494599707269683]
Quaternion in openCV Convention: 
 [ 0.59781885  0.55988588 -0.39959936 -0.41165603]
Rotation in openCV Convention: 
 [[ 0.05369622  0.34042572 -0.93873694  0.        ]
 [ 0.99841573 -0.03413414  0.04473139  0.        ]
 [-0.01681526 -0.93965163 -0.34171927  0.        ]
 [ 0.          0.          0.          1.        ]]
-----------------------------------
------------------------------------
Translation mean : 
[1.2116468  0.0354734  0.35738968]
()
Rotation mean : 
[-0.17322365  0.01293789  0.98448028  0.02499363]
()
Current values
[1.2116711496736636, 0.0355604649694955, 0.3573336417534051]
[-0.17318301441809578, 0.012927659925164888, 0.9844888096651832, 0.02494599707269683]
Quaternion in openCV Convention: 
 [ 0.59781772  0.5598862  -0.39960045 -0.41165618]
Rotation in openCV Convention: 
 [[ 0.05369377  0.34042384 -0.93873777  0.        ]
 [ 0.99841586 -0.03413318  0.04472917  0.        ]
 [-0.01681523 -0.93965235 -0.34171729  0.        ]
 [ 0.          0.          0.          1.        ]]
-----------------------------------
------------------------------------
Translation mean : 
[1.21164738 0.03547547 0.35738834]
()
Rotation mean : 
[-0.17322268  0.01293765  0.98448048  0.02499249]
()
Current values
[1.2116711496736636, 0.0355604649694955, 0.3573336417534051]
[-0.17318301441809578, 0.012927659925164888, 0.9844888096651832, 0.02494599707269683]
Quaternion in openCV Convention: 
 [ 0.59781665  0.55988651 -0.39960148 -0.41165632]
Rotation in openCV Convention: 
 [[ 0.05369143  0.34042204 -0.93873855  0.        ]
 [ 0.99841598 -0.03413226  0.04472706  0.        ]
 [-0.0168152  -0.93965303 -0.34171542  0.        ]
 [ 0.          0.          0.          1.        ]]
-----------------------------------
------------------------------------
Translation mean : 
[1.21164793 0.03547745 0.35738707]
()
Rotation mean : 
[-0.17322176  0.01293742  0.98448067  0.02499141]
()
Current values
[1.2116711496736636, 0.0355604649694955, 0.3573336417534051]
[-0.17318301441809578, 0.012927659925164888, 0.9844888096651832, 0.02494599707269683]
Quaternion in openCV Convention: 
 [ 0.59781563  0.5598868  -0.39960246 -0.41165645]
Rotation in openCV Convention: 
 [[ 0.05368921  0.34042033 -0.9387393   0.        ]
 [ 0.99841611 -0.03413139  0.04472504  0.        ]
 [-0.01681516 -0.93965368 -0.34171363  0.        ]
 [ 0.          0.          0.          1.        ]]
-----------------------------------
------------------------------------
Translation mean : 
[1.21164846 0.03547934 0.35738586]
()
Rotation mean : 
[-0.17322088  0.0129372   0.98448086  0.02499038]
()
Current values
[1.2116711496736636, 0.0355604649694955, 0.3573336417534051]
[-0.17318301441809578, 0.012927659925164888, 0.9844888096651832, 0.02494599707269683]
Quaternion in openCV Convention: 
 [ 0.59781466  0.55988708 -0.3996034  -0.41165658]
Rotation in openCV Convention: 
 [[ 0.05368709  0.3404187  -0.93874001  0.        ]
 [ 0.99841622 -0.03413056  0.04472312  0.        ]
 [-0.01681513 -0.93965431 -0.34171192  0.        ]
 [ 0.          0.          0.          1.        ]]
-----------------------------------
------------------------------------
Translation mean : 
[1.21164897 0.03548114 0.35738469]
()
Rotation mean : 
[-0.17322004  0.01293698  0.98448104  0.02498939]
()
Current values
[1.2116711496736636, 0.0355604649694955, 0.3573336417534051]
[-0.17318301441809578, 0.012927659925164888, 0.9844888096651832, 0.02494599707269683]
Quaternion in openCV Convention: 
 [ 0.59781373  0.55988735 -0.39960429 -0.4116567 ]
Rotation in openCV Convention: 
 [[ 0.05368506  0.34041714 -0.93874069  0.        ]
 [ 0.99841633 -0.03412976  0.04472128  0.        ]
 [-0.0168151  -0.9396549  -0.34171029  0.        ]
 [ 0.          0.          0.          1.        ]]
-----------------------------------
------------------------------------
Translation mean : 
[1.21164945 0.03548286 0.35738359]
()
Rotation mean : 
[-0.17321923  0.01293678  0.9844812   0.02498845]
()
Current values
[1.2116711496736636, 0.0355604649694955, 0.3573336417534051]
[-0.17318301441809578, 0.012927659925164888, 0.9844888096651832, 0.02494599707269683]
Quaternion in openCV Convention: 
 [ 0.59781283  0.5598876  -0.39960515 -0.41165682]
Rotation in openCV Convention: 
 [[ 0.05368312  0.34041565 -0.93874134  0.        ]
 [ 0.99841643 -0.034129    0.04471952  0.        ]
 [-0.01681508 -0.93965547 -0.34170873  0.        ]
 [ 0.          0.          0.          1.        ]]
-----------------------------------
------------------------------------
Translation mean : 
[1.21164991 0.03548451 0.35738252]
()
Rotation mean : 
[-0.17321846  0.01293659  0.98448137  0.02498755]
()
Current values
[1.2116711496736636, 0.0355604649694955, 0.3573336417534051]
[-0.17318301441809578, 0.012927659925164888, 0.9844888096651832, 0.02494599707269683]
Quaternion in openCV Convention: 
 [ 0.59781198  0.55988785 -0.39960597 -0.41165693]
Rotation in openCV Convention: 
 [[ 0.05368126  0.34041422 -0.93874197  0.        ]
 [ 0.99841653 -0.03412827  0.04471784  0.        ]
 [-0.01681505 -0.93965601 -0.34170723  0.        ]
 [ 0.          0.          0.          1.        ]]
-----------------------------------
------------------------------------
Translation mean : 
[1.21165035 0.0354861  0.3573815 ]
()
Rotation mean : 
[-0.17321773  0.0129364   0.98448152  0.02498668]
()
Current values
[1.2116711496736636, 0.0355604649694955, 0.3573336417534051]
[-0.17318301441809578, 0.012927659925164888, 0.9844888096651832, 0.02494599707269683]
Quaternion in openCV Convention: 
 [ 0.59781116  0.55988808 -0.39960676 -0.41165704]
Rotation in openCV Convention: 
 [[ 0.05367948  0.34041285 -0.93874257  0.        ]
 [ 0.99841663 -0.03412757  0.04471623  0.        ]
 [-0.01681502 -0.93965653 -0.3417058   0.        ]
 [ 0.          0.          0.          1.        ]]
-----------------------------------
------------------------------------
Translation mean : 
[1.21165078 0.03548761 0.35738053]
()
Rotation mean : 
[-0.17321702  0.01293622  0.98448167  0.02498585]
()
Current values
[1.2116711496736636, 0.0355604649694955, 0.3573336417534051]
[-0.17318301441809578, 0.012927659925164888, 0.9844888096651832, 0.02494599707269683]
Quaternion in openCV Convention: 
 [ 0.59781038  0.55988831 -0.39960751 -0.41165714]
Rotation in openCV Convention: 
 [[ 0.05367777  0.34041153 -0.93874314  0.        ]
 [ 0.99841672 -0.0341269   0.04471468  0.        ]
 [-0.016815   -0.93965703 -0.34170442  0.        ]
 [ 0.          0.          0.          1.        ]]
-----------------------------------
------------------------------------
Translation mean : 
[1.21165118 0.03548907 0.35737959]
()
Rotation mean : 
[-0.17321634  0.01293605  0.98448181  0.02498505]
()
Current values
[1.2116711496736636, 0.0355604649694955, 0.3573336417534051]
[-0.17318301441809578, 0.012927659925164888, 0.9844888096651832, 0.02494599707269683]
Quaternion in openCV Convention: 
 [ 0.59780963  0.55988852 -0.39960824 -0.41165724]
Rotation in openCV Convention: 
 [[ 0.05367614  0.34041027 -0.93874369  0.        ]
 [ 0.99841681 -0.03412626  0.04471319  0.        ]
 [-0.01681498 -0.93965751 -0.34170311  0.        ]
 [ 0.          0.          0.          1.        ]]
-----------------------------------
------------------------------------
Translation mean : 
[1.21165158 0.03549047 0.35737869]
()
Rotation mean : 
[-0.17321568  0.01293589  0.98448195  0.02498429]
()
Current values
[1.2116711496736636, 0.0355604649694955, 0.3573336417534051]
[-0.17318301441809578, 0.012927659925164888, 0.9844888096651832, 0.02494599707269683]
Quaternion in openCV Convention: 
 [ 0.5978089   0.55988873 -0.39960893 -0.41165733]
Rotation in openCV Convention: 
 [[ 0.05367456  0.34040906 -0.93874422  0.        ]
 [ 0.9984169  -0.03412564  0.04471177  0.        ]
 [-0.01681495 -0.93965798 -0.34170184  0.        ]
 [ 0.          0.          0.          1.        ]]
-----------------------------------
------------------------------------
Translation mean : 
[1.21165195 0.03549182 0.35737782]
()
Rotation mean : 
[-0.17321506  0.01293573  0.98448208  0.02498355]
()
Current values
[1.2116711496736636, 0.0355604649694955, 0.3573336417534051]
[-0.17318301441809578, 0.012927659925164888, 0.9844888096651832, 0.02494599707269683]
Quaternion in openCV Convention: 
 [ 0.59780821  0.55988893 -0.3996096  -0.41165742]
Rotation in openCV Convention: 
 [[ 0.05367305  0.3404079  -0.93874473  0.        ]
 [ 0.99841698 -0.03412504  0.04471039  0.        ]
 [-0.01681493 -0.93965842 -0.34170062  0.        ]
 [ 0.          0.          0.          1.        ]]
-----------------------------------
------------------------------------
Translation mean : 
[1.21165231 0.03549311 0.35737699]
()
Rotation mean : 
[-0.17321445  0.01293558  0.98448221  0.02498284]
()
Current values
[1.2116711496736636, 0.0355604649694955, 0.3573336417534051]
[-0.17318301441809578, 0.012927659925164888, 0.9844888096651832, 0.02494599707269683]
Quaternion in openCV Convention: 
 [ 0.59780754  0.55988912 -0.39961025 -0.41165751]
Rotation in openCV Convention: 
 [[ 0.05367159  0.34040678 -0.93874522  0.        ]
 [ 0.99841706 -0.03412447  0.04470907  0.        ]
 [-0.01681491 -0.93965885 -0.34169945  0.        ]
 [ 0.          0.          0.          1.        ]]
-----------------------------------
------------------------------------
Translation mean : 
[1.21165266 0.03549436 0.35737619]
()
Rotation mean : 
[-0.17321387  0.01293543  0.98448233  0.02498216]
()
Current values
[1.2116711496736636, 0.0355604649694955, 0.3573336417534051]
[-0.17318301441809578, 0.012927659925164888, 0.9844888096651832, 0.02494599707269683]
Quaternion in openCV Convention: 
 [ 0.59780689  0.55988931 -0.39961087 -0.4116576 ]
Rotation in openCV Convention: 
 [[ 0.05367019  0.3404057  -0.93874569  0.        ]
 [ 0.99841713 -0.03412392  0.0447078   0.        ]
 [-0.01681489 -0.93965926 -0.34169832  0.        ]
 [ 0.          0.          0.          1.        ]]
-----------------------------------
------------------------------------
Translation mean : 
[1.211653   0.03549556 0.35737541]
()
Rotation mean : 
[-0.17321331  0.01293529  0.98448245  0.0249815 ]
()
Current values
[1.2116711496736636, 0.0355604649694955, 0.3573336417534051]
[-0.17318301441809578, 0.012927659925164888, 0.9844888096651832, 0.02494599707269683]
Quaternion in openCV Convention: 
 [ 0.59780627  0.55988948 -0.39961146 -0.41165768]
Rotation in openCV Convention: 
 [[ 0.05366883  0.34040466 -0.93874615  0.        ]
 [ 0.99841721 -0.03412339  0.04470658  0.        ]
 [-0.01681487 -0.93965965 -0.34169723  0.        ]
 [ 0.          0.          0.          1.        ]]
-----------------------------------
------------------------------------
Translation mean : 
[1.21165332 0.03549672 0.35737467]
()
Rotation mean : 
[-0.17321277  0.01293515  0.98448256  0.02498087]
()
Current values
[1.2116711496736636, 0.0355604649694955, 0.3573336417534051]
[-0.17318301441809578, 0.012927659925164888, 0.9844888096651832, 0.02494599707269683]
Quaternion in openCV Convention: 
 [ 0.59780568  0.55988965 -0.39961204 -0.41165776]
Rotation in openCV Convention: 
 [[ 0.05366753  0.34040365 -0.93874658  0.        ]
 [ 0.99841728 -0.03412288  0.04470539  0.        ]
 [-0.01681485 -0.93966003 -0.34169618  0.        ]
 [ 0.          0.          0.          1.        ]]
-----------------------------------
------------------------------------
Translation mean : 
[1.21165364 0.03549784 0.35737395]
()
Rotation mean : 
[-0.17321224  0.01293502  0.98448267  0.02498026]
()
Current values
[1.2116711496736636, 0.0355604649694955, 0.3573336417534051]
[-0.17318301441809578, 0.012927659925164888, 0.9844888096651832, 0.02494599707269683]
Quaternion in openCV Convention: 
 [ 0.5978051   0.55988982 -0.3996126  -0.41165783]
Rotation in openCV Convention: 
 [[ 0.05366627  0.34040269 -0.93874701  0.        ]
 [ 0.99841734 -0.03412238  0.04470425  0.        ]
 [-0.01681484 -0.9396604  -0.34169517  0.        ]
 [ 0.          0.          0.          1.        ]]
-----------------------------------
------------------------------------
Translation mean : 
[1.21165394 0.03549892 0.35737325]
()
Rotation mean : 
[-0.17321174  0.01293489  0.98448278  0.02497967]
()
Current values
[1.2116711496736636, 0.0355604649694955, 0.3573336417534051]
[-0.17318301441809578, 0.012927659925164888, 0.9844888096651832, 0.02494599707269683]
Quaternion in openCV Convention: 
 [ 0.59780454  0.55988998 -0.39961313 -0.4116579 ]
Rotation in openCV Convention: 
 [[ 0.05366506  0.34040175 -0.93874741  0.        ]
 [ 0.99841741 -0.03412191  0.04470315  0.        ]
 [-0.01681482 -0.93966076 -0.34169419  0.        ]
 [ 0.          0.          0.          1.        ]]
-----------------------------------
------------------------------------
Translation mean : 
[1.21165423 0.03549996 0.35737258]
()
Rotation mean : 
[-0.17321125  0.01293477  0.98448288  0.0249791 ]
()
Current values
