------------------------------------
Translation mean : 
[1.22767699 0.0265031  0.37110846]
()
Rotation mean : 
[-0.17406076  0.01243947  0.98426685  0.02769276]
()
Current values
[1.2276769863546955, 0.026503096831639553, 0.3711084618856028]
[-0.17406075773981358, 0.012439467153064458, 0.9842668456083096, 0.027692759130467304]
Quaternion in openCV Convention: 
 [ 0.59922991  0.55909769 -0.3974764  -0.41272969]
Rotation in openCV Convention: 
 [[ 0.05884458  0.3419555  -0.93787193  0.        ]
 [ 0.99815674 -0.03412796  0.05018368  0.        ]
 [-0.01484706 -0.93909622 -0.34333343  0.        ]
 [ 0.          0.          0.          1.        ]]
-----------------------------------
------------------------------------
Translation mean : 
[1.22767699 0.0265031  0.37110846]
()
Rotation mean : 
[-0.17406076  0.01243947  0.98426685  0.02769276]
()
Current values
[1.2276769863546955, 0.026503096831639553, 0.3711084618856028]
[-0.17406075773981358, 0.012439467153064458, 0.9842668456083096, 0.027692759130467304]
Quaternion in openCV Convention: 
 [ 0.59922991  0.55909769 -0.3974764  -0.41272969]
Rotation in openCV Convention: 
 [[ 0.05884458  0.3419555  -0.93787193  0.        ]
 [ 0.99815674 -0.03412796  0.05018368  0.        ]
 [-0.01484706 -0.93909622 -0.34333343  0.        ]
 [ 0.          0.          0.          1.        ]]
-----------------------------------
------------------------------------
Translation mean : 
[1.22767699 0.0265031  0.37110846]
()
Rotation mean : 
[-0.17406076  0.01243947  0.98426685  0.02769276]
()
Current values
[1.2276769863546955, 0.026503096831639553, 0.3711084618856028]
[-0.17406075773981358, 0.012439467153064458, 0.9842668456083096, 0.027692759130467304]
Quaternion in openCV Convention: 
 [ 0.59922991  0.55909769 -0.3974764  -0.41272969]
Rotation in openCV Convention: 
 [[ 0.05884458  0.3419555  -0.93787193  0.        ]
 [ 0.99815674 -0.03412796  0.05018368  0.        ]
 [-0.01484706 -0.93909622 -0.34333343  0.        ]
 [ 0.          0.          0.          1.        ]]
-----------------------------------
------------------------------------
Translation mean : 
[1.22767699 0.0265031  0.37110846]
()
Rotation mean : 
[-0.17406076  0.01243947  0.98426685  0.02769276]
()
Current values
[1.2276769863546955, 0.026503096831639553, 0.3711084618856028]
[-0.17406075773981358, 0.012439467153064458, 0.9842668456083096, 0.027692759130467304]
Quaternion in openCV Convention: 
 [ 0.59922991  0.55909769 -0.3974764  -0.41272969]
Rotation in openCV Convention: 
 [[ 0.05884458  0.3419555  -0.93787193  0.        ]
 [ 0.99815674 -0.03412796  0.05018368  0.        ]
 [-0.01484706 -0.93909622 -0.34333343  0.        ]
 [ 0.          0.          0.          1.        ]]
-----------------------------------
------------------------------------
Translation mean : 
[1.22767699 0.0265031  0.37110846]
()
Rotation mean : 
[-0.17406076  0.01243947  0.98426685  0.02769276]
()
Current values
[1.2276769863546955, 0.026503096831639553, 0.3711084618856028]
[-0.17406075773981358, 0.012439467153064458, 0.9842668456083096, 0.027692759130467304]
Quaternion in openCV Convention: 
 [ 0.59922991  0.55909769 -0.3974764  -0.41272969]
Rotation in openCV Convention: 
 [[ 0.05884458  0.3419555  -0.93787193  0.        ]
 [ 0.99815674 -0.03412796  0.05018368  0.        ]
 [-0.01484706 -0.93909622 -0.34333343  0.        ]
 [ 0.          0.          0.          1.        ]]
-----------------------------------
------------------------------------
Translation mean : 
[1.22767699 0.0265031  0.37110846]
()
Rotation mean : 
[-0.17406076  0.01243947  0.98426685  0.02769276]
()
Current values
[1.2276769863546955, 0.026503096831639553, 0.3711084618856028]
[-0.17406075773981358, 0.012439467153064458, 0.9842668456083096, 0.027692759130467304]
Quaternion in openCV Convention: 
 [ 0.59922991  0.55909769 -0.3974764  -0.41272969]
Rotation in openCV Convention: 
 [[ 0.05884458  0.3419555  -0.93787193  0.        ]
 [ 0.99815674 -0.03412796  0.05018368  0.        ]
 [-0.01484706 -0.93909622 -0.34333343  0.        ]
 [ 0.          0.          0.          1.        ]]
-----------------------------------
------------------------------------
Translation mean : 
[1.22767699 0.0265031  0.37110846]
()
Rotation mean : 
[-0.17406076  0.01243947  0.98426685  0.02769276]
()
Current values
[1.2276769863546955, 0.026503096831639553, 0.3711084618856028]
[-0.17406075773981358, 0.012439467153064458, 0.9842668456083096, 0.027692759130467304]
Quaternion in openCV Convention: 
 [ 0.59922991  0.55909769 -0.3974764  -0.41272969]
Rotation in openCV Convention: 
 [[ 0.05884458  0.3419555  -0.93787193  0.        ]
 [ 0.99815674 -0.03412796  0.05018368  0.        ]
 [-0.01484706 -0.93909622 -0.34333343  0.        ]
 [ 0.          0.          0.          1.        ]]
-----------------------------------
------------------------------------
Translation mean : 
[1.22767699 0.0265031  0.37110846]
()
Rotation mean : 
[-0.17406076  0.01243947  0.98426685  0.02769276]
()
Current values
[1.2276769863546955, 0.026503096831639553, 0.3711084618856028]
[-0.17406075773981358, 0.012439467153064458, 0.9842668456083096, 0.027692759130467304]
Quaternion in openCV Convention: 
 [ 0.59922991  0.55909769 -0.3974764  -0.41272969]
Rotation in openCV Convention: 
 [[ 0.05884458  0.3419555  -0.93787193  0.        ]
 [ 0.99815674 -0.03412796  0.05018368  0.        ]
 [-0.01484706 -0.93909622 -0.34333343  0.        ]
 [ 0.          0.          0.          1.        ]]
-----------------------------------
------------------------------------
Translation mean : 
[1.22767699 0.0265031  0.37110846]
()
Rotation mean : 
[-0.17406076  0.01243947  0.98426685  0.02769276]
()
Current values
[1.2276769863546955, 0.026503096831639553, 0.3711084618856028]
[-0.17406075773981358, 0.012439467153064458, 0.9842668456083096, 0.027692759130467304]
Quaternion in openCV Convention: 
 [ 0.59922991  0.55909769 -0.3974764  -0.41272969]
Rotation in openCV Convention: 
 [[ 0.05884458  0.3419555  -0.93787193  0.        ]
 [ 0.99815674 -0.03412796  0.05018368  0.        ]
 [-0.01484706 -0.93909622 -0.34333343  0.        ]
 [ 0.          0.          0.          1.        ]]
-----------------------------------
------------------------------------
Translation mean : 
[1.22767699 0.0265031  0.37110846]
()
Rotation mean : 
[-0.17406076  0.01243947  0.98426685  0.02769276]
()
Current values
[1.2276769863546955, 0.026503096831639553, 0.3711084618856028]
[-0.17406075773981358, 0.012439467153064458, 0.9842668456083096, 0.027692759130467304]
Quaternion in openCV Convention: 
 [ 0.59922991  0.55909769 -0.3974764  -0.41272969]
Rotation in openCV Convention: 
 [[ 0.05884458  0.3419555  -0.93787193  0.        ]
 [ 0.99815674 -0.03412796  0.05018368  0.        ]
 [-0.01484706 -0.93909622 -0.34333343  0.        ]
 [ 0.          0.          0.          1.        ]]
-----------------------------------
------------------------------------
Translation mean : 
[1.22767699 0.0265031  0.37110846]
()
Rotation mean : 
[-0.17406076  0.01243947  0.98426685  0.02769276]
()
Current values
[1.2276769863546955, 0.026503096831639553, 0.3711084618856028]
[-0.17406075773981358, 0.012439467153064458, 0.9842668456083096, 0.027692759130467304]
Quaternion in openCV Convention: 
 [ 0.59922991  0.55909769 -0.3974764  -0.41272969]
Rotation in openCV Convention: 
 [[ 0.05884458  0.3419555  -0.93787193  0.        ]
 [ 0.99815674 -0.03412796  0.05018368  0.        ]
 [-0.01484706 -0.93909622 -0.34333343  0.        ]
 [ 0.          0.          0.          1.        ]]
-----------------------------------
------------------------------------
Translation mean : 
[1.22767699 0.0265031  0.37110846]
()
Rotation mean : 
[-0.17406076  0.01243947  0.98426685  0.02769276]
()
Current values
[1.2276769863546955, 0.026503096831639553, 0.3711084618856028]
[-0.17406075773981358, 0.012439467153064458, 0.9842668456083096, 0.027692759130467304]
Quaternion in openCV Convention: 
 [ 0.59922991  0.55909769 -0.3974764  -0.41272969]
Rotation in openCV Convention: 
 [[ 0.05884458  0.3419555  -0.93787193  0.        ]
 [ 0.99815674 -0.03412796  0.05018368  0.        ]
 [-0.01484706 -0.93909622 -0.34333343  0.        ]
 [ 0.          0.          0.          1.        ]]
-----------------------------------
------------------------------------
Translation mean : 
[1.22767699 0.0265031  0.37110846]
()
Rotation mean : 
[-0.17406076  0.01243947  0.98426685  0.02769276]
()
Current values
[1.2276769863546955, 0.026503096831639553, 0.3711084618856028]
[-0.17406075773981358, 0.012439467153064458, 0.9842668456083096, 0.027692759130467304]
Quaternion in openCV Convention: 
 [ 0.59922991  0.55909769 -0.3974764  -0.41272969]
Rotation in openCV Convention: 
 [[ 0.05884458  0.3419555  -0.93787193  0.        ]
 [ 0.99815674 -0.03412796  0.05018368  0.        ]
 [-0.01484706 -0.93909622 -0.34333343  0.        ]
 [ 0.          0.          0.          1.        ]]
-----------------------------------
------------------------------------
Translation mean : 
[1.22767699 0.0265031  0.37110846]
()
Rotation mean : 
[-0.17406076  0.01243947  0.98426685  0.02769276]
()
Current values
[1.2276769863546955, 0.026503096831639553, 0.3711084618856028]
[-0.17406075773981358, 0.012439467153064458, 0.9842668456083096, 0.027692759130467304]
Quaternion in openCV Convention: 
 [ 0.59922991  0.55909769 -0.3974764  -0.41272969]
Rotation in openCV Convention: 
 [[ 0.05884458  0.3419555  -0.93787193  0.        ]
 [ 0.99815674 -0.03412796  0.05018368  0.        ]
 [-0.01484706 -0.93909622 -0.34333343  0.        ]
 [ 0.          0.          0.          1.        ]]
-----------------------------------
------------------------------------
Translation mean : 
[1.22767699 0.0265031  0.37110846]
()
Rotation mean : 
[-0.17406076  0.01243947  0.98426685  0.02769276]
()
Current values
[1.2276769863546955, 0.026503096831639553, 0.3711084618856028]
[-0.17406075773981358, 0.012439467153064458, 0.9842668456083096, 0.027692759130467304]
Quaternion in openCV Convention: 
 [ 0.59922991  0.55909769 -0.3974764  -0.41272969]
Rotation in openCV Convention: 
 [[ 0.05884458  0.3419555  -0.93787193  0.        ]
 [ 0.99815674 -0.03412796  0.05018368  0.        ]
 [-0.01484706 -0.93909622 -0.34333343  0.        ]
 [ 0.          0.          0.          1.        ]]
-----------------------------------
------------------------------------
Translation mean : 
[1.22767699 0.0265031  0.37110846]
()
Rotation mean : 
[-0.17406076  0.01243947  0.98426685  0.02769276]
()
Current values
[1.2276769863546955, 0.026503096831639553, 0.3711084618856028]
[-0.17406075773981358, 0.012439467153064458, 0.9842668456083096, 0.027692759130467304]
Quaternion in openCV Convention: 
 [ 0.59922991  0.55909769 -0.3974764  -0.41272969]
Rotation in openCV Convention: 
 [[ 0.05884458  0.3419555  -0.93787193  0.        ]
 [ 0.99815674 -0.03412796  0.05018368  0.        ]
 [-0.01484706 -0.93909622 -0.34333343  0.        ]
 [ 0.          0.          0.          1.        ]]
-----------------------------------
------------------------------------
Translation mean : 
[1.22767699 0.0265031  0.37110846]
()
Rotation mean : 
[-0.17406076  0.01243947  0.98426685  0.02769276]
()
Current values
[1.2276769863546955, 0.026503096831639553, 0.3711084618856028]
[-0.17406075773981358, 0.012439467153064458, 0.9842668456083096, 0.027692759130467304]
Quaternion in openCV Convention: 
 [ 0.59922991  0.55909769 -0.3974764  -0.41272969]
Rotation in openCV Convention: 
 [[ 0.05884458  0.3419555  -0.93787193  0.        ]
 [ 0.99815674 -0.03412796  0.05018368  0.        ]
 [-0.01484706 -0.93909622 -0.34333343  0.        ]
 [ 0.          0.          0.          1.        ]]
-----------------------------------
------------------------------------
Translation mean : 
[1.22767699 0.0265031  0.37110846]
()
Rotation mean : 
[-0.17406076  0.01243947  0.98426685  0.02769276]
()
Current values
[1.2276769863546955, 0.026503096831639553, 0.3711084618856028]
[-0.17406075773981358, 0.012439467153064458, 0.9842668456083096, 0.027692759130467304]
Quaternion in openCV Convention: 
 [ 0.59922991  0.55909769 -0.3974764  -0.41272969]
Rotation in openCV Convention: 
 [[ 0.05884458  0.3419555  -0.93787193  0.        ]
 [ 0.99815674 -0.03412796  0.05018368  0.        ]
 [-0.01484706 -0.93909622 -0.34333343  0.        ]
 [ 0.          0.          0.          1.        ]]
-----------------------------------
------------------------------------
Translation mean : 
[1.22767699 0.0265031  0.37110846]
()
Rotation mean : 
[-0.17406076  0.01243947  0.98426685  0.02769276]
()
Current values
[1.2276769863546955, 0.026503096831639553, 0.3711084618856028]
[-0.17406075773981358, 0.012439467153064458, 0.9842668456083096, 0.027692759130467304]
Quaternion in openCV Convention: 
 [ 0.59922991  0.55909769 -0.3974764  -0.41272969]
Rotation in openCV Convention: 
 [[ 0.05884458  0.3419555  -0.93787193  0.        ]
 [ 0.99815674 -0.03412796  0.05018368  0.        ]
 [-0.01484706 -0.93909622 -0.34333343  0.        ]
 [ 0.          0.          0.          1.        ]]
-----------------------------------
------------------------------------
Translation mean : 
[1.22767699 0.0265031  0.37110846]
()
Rotation mean : 
[-0.17406076  0.01243947  0.98426685  0.02769276]
()
Current values
[1.2276769863546955, 0.026503096831639553, 0.3711084618856028]
[-0.17406075773981358, 0.012439467153064458, 0.9842668456083096, 0.027692759130467304]
Quaternion in openCV Convention: 
 [ 0.59922991  0.55909769 -0.3974764  -0.41272969]
Rotation in openCV Convention: 
 [[ 0.05884458  0.3419555  -0.93787193  0.        ]
 [ 0.99815674 -0.03412796  0.05018368  0.        ]
 [-0.01484706 -0.93909622 -0.34333343  0.        ]
 [ 0.          0.          0.          1.        ]]
-----------------------------------
------------------------------------
Translation mean : 
[1.22767699 0.0265031  0.37110846]
()
Rotation mean : 
[-0.17406076  0.01243947  0.98426685  0.02769276]
()
Current values
[1.2276769863546955, 0.026503096831639553, 0.3711084618856028]
[-0.17406075773981358, 0.012439467153064458, 0.9842668456083096, 0.027692759130467304]
Quaternion in openCV Convention: 
 [ 0.59922991  0.55909769 -0.3974764  -0.41272969]
Rotation in openCV Convention: 
 [[ 0.05884458  0.3419555  -0.93787193  0.        ]
 [ 0.99815674 -0.03412796  0.05018368  0.        ]
 [-0.01484706 -0.93909622 -0.34333343  0.        ]
 [ 0.          0.          0.          1.        ]]
-----------------------------------
------------------------------------
Translation mean : 
[1.22767699 0.0265031  0.37110846]
()
Rotation mean : 
[-0.17406076  0.01243947  0.98426685  0.02769276]
()
Current values
[1.2276769863546955, 0.026503096831639553, 0.3711084618856028]
[-0.17406075773981358, 0.012439467153064458, 0.9842668456083096, 0.027692759130467304]
Quaternion in openCV Convention: 
 [ 0.59922991  0.55909769 -0.3974764  -0.41272969]
Rotation in openCV Convention: 
 [[ 0.05884458  0.3419555  -0.93787193  0.        ]
 [ 0.99815674 -0.03412796  0.05018368  0.        ]
 [-0.01484706 -0.93909622 -0.34333343  0.        ]
 [ 0.          0.          0.          1.        ]]
-----------------------------------
------------------------------------
Translation mean : 
[1.22767699 0.0265031  0.37110846]
()
Rotation mean : 
[-0.17406076  0.01243947  0.98426685  0.02769276]
()
Current values
[1.2276769863546955, 0.026503096831639553, 0.3711084618856028]
[-0.17406075773981358, 0.012439467153064458, 0.9842668456083096, 0.027692759130467304]
Quaternion in openCV Convention: 
 [ 0.59922991  0.55909769 -0.3974764  -0.41272969]
Rotation in openCV Convention: 
 [[ 0.05884458  0.3419555  -0.93787193  0.        ]
 [ 0.99815674 -0.03412796  0.05018368  0.        ]
 [-0.01484706 -0.93909622 -0.34333343  0.        ]
 [ 0.          0.          0.          1.        ]]
-----------------------------------
------------------------------------
Translation mean : 
[1.22767699 0.0265031  0.37110846]
()
Rotation mean : 
[-0.17406076  0.01243947  0.98426685  0.02769276]
()
Current values
[1.2276769863546955, 0.026503096831639553, 0.3711084618856028]
[-0.17406075773981358, 0.012439467153064458, 0.9842668456083096, 0.027692759130467304]
Quaternion in openCV Convention: 
 [ 0.59922991  0.55909769 -0.3974764  -0.41272969]
Rotation in openCV Convention: 
 [[ 0.05884458  0.3419555  -0.93787193  0.        ]
 [ 0.99815674 -0.03412796  0.05018368  0.        ]
 [-0.01484706 -0.93909622 -0.34333343  0.        ]
 [ 0.          0.          0.          1.        ]]
-----------------------------------
------------------------------------
Translation mean : 
[1.22767699 0.0265031  0.37110846]
()
Rotation mean : 
[-0.17406076  0.01243947  0.98426685  0.02769276]
()
Current values
[1.2276769863546955, 0.026503096831639553, 0.3711084618856028]
[-0.17406075773981358, 0.012439467153064458, 0.9842668456083096, 0.027692759130467304]
Quaternion in openCV Convention: 
 [ 0.59922991  0.55909769 -0.3974764  -0.41272969]
Rotation in openCV Convention: 
 [[ 0.05884458  0.3419555  -0.93787193  0.        ]
 [ 0.99815674 -0.03412796  0.05018368  0.        ]
 [-0.01484706 -0.93909622 -0.34333343  0.        ]
 [ 0.          0.          0.          1.        ]]
-----------------------------------
------------------------------------
Translation mean : 
[1.22767699 0.0265031  0.37110846]
()
Rotation mean : 
[-0.17406076  0.01243947  0.98426685  0.02769276]
()
Current values
[1.2276769863546955, 0.026503096831639553, 0.3711084618856028]
[-0.17406075773981358, 0.012439467153064458, 0.9842668456083096, 0.027692759130467304]
Quaternion in openCV Convention: 
 [ 0.59922991  0.55909769 -0.3974764  -0.41272969]
Rotation in openCV Convention: 
 [[ 0.05884458  0.3419555  -0.93787193  0.        ]
 [ 0.99815674 -0.03412796  0.05018368  0.        ]
 [-0.01484706 -0.93909622 -0.34333343  0.        ]
 [ 0.          0.          0.          1.        ]]
-----------------------------------
------------------------------------
Translation mean : 
[1.22767699 0.0265031  0.37110846]
()
Rotation mean : 
[-0.17406076  0.01243947  0.98426685  0.02769276]
()
Current values
[1.2276769863546955, 0.026503096831639553, 0.3711084618856028]
[-0.17406075773981358, 0.012439467153064458, 0.9842668456083096, 0.027692759130467304]
Quaternion in openCV Convention: 
 [ 0.59922991  0.55909769 -0.3974764  -0.41272969]
Rotation in openCV Convention: 
 [[ 0.05884458  0.3419555  -0.93787193  0.        ]
 [ 0.99815674 -0.03412796  0.05018368  0.        ]
 [-0.01484706 -0.93909622 -0.34333343  0.        ]
 [ 0.          0.          0.          1.        ]]
-----------------------------------
------------------------------------
Translation mean : 
[1.22767699 0.0265031  0.37110846]
()
Rotation mean : 
[-0.17406076  0.01243947  0.98426685  0.02769276]
()
Current values
[1.2276769863546955, 0.026503096831639553, 0.3711084618856028]
[-0.17406075773981358, 0.012439467153064458, 0.9842668456083096, 0.027692759130467304]
Quaternion in openCV Convention: 
 [ 0.59922991  0.55909769 -0.3974764  -0.41272969]
Rotation in openCV Convention: 
 [[ 0.05884458  0.3419555  -0.93787193  0.        ]
 [ 0.99815674 -0.03412796  0.05018368  0.        ]
 [-0.01484706 -0.93909622 -0.34333343  0.        ]
 [ 0.          0.          0.          1.        ]]
-----------------------------------
------------------------------------
Translation mean : 
[1.22767699 0.0265031  0.37110846]
()
Rotation mean : 
[-0.17406076  0.01243947  0.98426685  0.02769276]
()
Current values
[1.2276769863546955, 0.026503096831639553, 0.3711084618856028]
[-0.17406075773981358, 0.012439467153064458, 0.9842668456083096, 0.027692759130467304]
Quaternion in openCV Convention: 
 [ 0.59922991  0.55909769 -0.3974764  -0.41272969]
Rotation in openCV Convention: 
 [[ 0.05884458  0.3419555  -0.93787193  0.        ]
 [ 0.99815674 -0.03412796  0.05018368  0.        ]
 [-0.01484706 -0.93909622 -0.34333343  0.        ]
 [ 0.          0.          0.          1.        ]]
-----------------------------------
------------------------------------
Translation mean : 
[1.22767699 0.0265031  0.37110846]
()
Rotation mean : 
[-0.17406076  0.01243947  0.98426685  0.02769276]
()
Current values
[1.2276769863546955, 0.026503096831639553, 0.3711084618856028]
[-0.17406075773981358, 0.012439467153064458, 0.9842668456083096, 0.027692759130467304]
Quaternion in openCV Convention: 
 [ 0.59922991  0.55909769 -0.3974764  -0.41272969]
Rotation in openCV Convention: 
 [[ 0.05884458  0.3419555  -0.93787193  0.        ]
 [ 0.99815674 -0.03412796  0.05018368  0.        ]
 [-0.01484706 -0.93909622 -0.34333343  0.        ]
 [ 0.          0.          0.          1.        ]]
-----------------------------------
------------------------------------
Translation mean : 
[1.22767699 0.0265031  0.37110846]
()
Rotation mean : 
[-0.17406076  0.01243947  0.98426685  0.02769276]
()
Current values
[1.2276769863546955, 0.026503096831639553, 0.3711084618856028]
[-0.17406075773981358, 0.012439467153064458, 0.9842668456083096, 0.027692759130467304]
Quaternion in openCV Convention: 
 [ 0.59922991  0.55909769 -0.3974764  -0.41272969]
Rotation in openCV Convention: 
 [[ 0.05884458  0.3419555  -0.93787193  0.        ]
 [ 0.99815674 -0.03412796  0.05018368  0.        ]
 [-0.01484706 -0.93909622 -0.34333343  0.        ]
 [ 0.          0.          0.          1.        ]]
-----------------------------------
------------------------------------
Translation mean : 
[1.22767699 0.0265031  0.37110846]
()
Rotation mean : 
[-0.17406076  0.01243947  0.98426685  0.02769276]
()
Current values
[1.2276769863546955, 0.026503096831639553, 0.3711084618856028]
[-0.17406075773981358, 0.012439467153064458, 0.9842668456083096, 0.027692759130467304]
Quaternion in openCV Convention: 
 [ 0.59922991  0.55909769 -0.3974764  -0.41272969]
Rotation in openCV Convention: 
 [[ 0.05884458  0.3419555  -0.93787193  0.        ]
 [ 0.99815674 -0.03412796  0.05018368  0.        ]
 [-0.01484706 -0.93909622 -0.34333343  0.        ]
 [ 0.          0.          0.          1.        ]]
-----------------------------------
------------------------------------
Translation mean : 
[1.22767699 0.0265031  0.37110846]
()
Rotation mean : 
[-0.17406076  0.01243947  0.98426685  0.02769276]
()
Current values
[1.2276769863546955, 0.026503096831639553, 0.3711084618856028]
[-0.17406075773981358, 0.012439467153064458, 0.9842668456083096, 0.027692759130467304]
Quaternion in openCV Convention: 
 [ 0.59922991  0.55909769 -0.3974764  -0.41272969]
Rotation in openCV Convention: 
 [[ 0.05884458  0.3419555  -0.93787193  0.        ]
 [ 0.99815674 -0.03412796  0.05018368  0.        ]
 [-0.01484706 -0.93909622 -0.34333343  0.        ]
 [ 0.          0.          0.          1.        ]]
-----------------------------------
------------------------------------
Translation mean : 
[1.22767699 0.0265031  0.37110846]
()
Rotation mean : 
[-0.17406076  0.01243947  0.98426685  0.02769276]
()
Current values
[1.2276769863546955, 0.026503096831639553, 0.3711084618856028]
[-0.17406075773981358, 0.012439467153064458, 0.9842668456083096, 0.027692759130467304]
Quaternion in openCV Convention: 
 [ 0.59922991  0.55909769 -0.3974764  -0.41272969]
Rotation in openCV Convention: 
 [[ 0.05884458  0.3419555  -0.93787193  0.        ]
 [ 0.99815674 -0.03412796  0.05018368  0.        ]
 [-0.01484706 -0.93909622 -0.34333343  0.        ]
 [ 0.          0.          0.          1.        ]]
-----------------------------------
------------------------------------
Translation mean : 
[1.22781026 0.02684413 0.37085996]
()
Rotation mean : 
[-0.17387529  0.01240166  0.9843038   0.0275194 ]
()
Current values
[1.2323415605009305, 0.03843942125224119, 0.36241076455447435]
[-0.16756953688968945, 0.01111637945328217, 0.9855603644248762, 0.021625089343883873]
Quaternion in openCV Convention: 
 [ 0.59905008  0.55912902 -0.39765539 -0.41277312]
Rotation in openCV Convention: 
 [[ 0.05848771  0.34161044 -0.93801999  0.        ]
 [ 0.99817776 -0.03398398  0.04986232  0.        ]
 [-0.01484416 -0.93922702 -0.34297558  0.        ]
 [ 0.          0.          0.          1.        ]]
-----------------------------------
------------------------------------
Translation mean : 
[1.22793613 0.02716623 0.37062526]
()
Rotation mean : 
[-0.17370013  0.01236596  0.98433871  0.02735567]
()
Current values
[1.2323415605009305, 0.03843942125224119, 0.36241076455447435]
[-0.16756953688968945, 0.01111637945328217, 0.9855603644248762, 0.021625089343883873]
Quaternion in openCV Convention: 
 [ 0.59888024  0.55915861 -0.39782443 -0.41281414]
Rotation in openCV Convention: 
 [[ 0.05815067  0.34128445 -0.93815959  0.        ]
 [ 0.99819749 -0.0338481   0.04955876  0.        ]
 [-0.01484129 -0.93935043 -0.34263757  0.        ]
 [ 0.          0.          0.          1.        ]]
-----------------------------------
------------------------------------
Translation mean : 
[1.2280552  0.02747091 0.37040324]
()
Rotation mean : 
[-0.17353444  0.01233219  0.98437173  0.02720079]
()
Current values
[1.2323415605009305, 0.03843942125224119, 0.36241076455447435]
[-0.16756953688968945, 0.01111637945328217, 0.9855603644248762, 0.021625089343883873]
Quaternion in openCV Convention: 
 [ 0.59871957  0.5591866  -0.39798434 -0.41285294]
Rotation in openCV Convention: 
 [[ 0.05783184  0.340976   -0.93829145  0.        ]
 [ 0.99821606 -0.03371967  0.04927155  0.        ]
 [-0.01483846 -0.93946706 -0.34231779  0.        ]
 [ 0.          0.          0.          1.        ]]
-----------------------------------
------------------------------------
Translation mean : 
[1.22816799 0.02775955 0.37019291]
()
Rotation mean : 
[-0.17337747  0.01230019  0.98440301  0.02705406]
()
Current values
[1.2323415605009305, 0.03843942125224119, 0.36241076455447435]
[-0.16756953688968945, 0.01111637945328217, 0.9855603644248762, 0.021625089343883873]
Quaternion in openCV Convention: 
 [ 0.59856736  0.55921311 -0.39813584 -0.4128897 ]
Rotation in openCV Convention: 
 [[ 0.05752979  0.34068371 -0.93841618  0.        ]
 [ 0.99823355 -0.03359809  0.04899942  0.        ]
 [-0.01483568 -0.93957745 -0.3420148   0.        ]
 [ 0.          0.          0.          1.        ]]
-----------------------------------
------------------------------------
Translation mean : 
[1.22827501 0.02803339 0.36999337]
()
Rotation mean : 
[-0.17322855  0.01226984  0.98443268  0.02691485]
()
Current values
[1.2323415605009305, 0.03843942125224119, 0.36241076455447435]
[-0.16756953688968945, 0.01111637945328217, 0.9855603644248762, 0.021625089343883873]
Quaternion in openCV Convention: 
 [ 0.59842296  0.55923827 -0.39827956 -0.41292457]
Rotation in openCV Convention: 
 [[ 0.05724322  0.34040634 -0.93853435  0.        ]
 [ 0.99825007 -0.03348281  0.0487412   0.        ]
 [-0.01483296 -0.93968209 -0.34172732  0.        ]
 [ 0.          0.          0.          1.        ]]
-----------------------------------
------------------------------------
Translation mean : 
[1.22837667 0.02829355 0.36980381]
()
Rotation mean : 
[-0.17308707  0.012241    0.98446087  0.02678261]
()
Current values
[1.2323415605009305, 0.03843942125224119, 0.36241076455447435]
[-0.16756953688968945, 0.01111637945328217, 0.9855603644248762, 0.021625089343883873]
Quaternion in openCV Convention: 
 [ 0.59828578  0.55926217 -0.3984161  -0.4129577 ]
Rotation in openCV Convention: 
 [[ 0.05697098  0.34014279 -0.93864647  0.        ]
 [ 0.99826568 -0.03337338  0.04849585  0.        ]
 [-0.01483029 -0.93978141 -0.34145418  0.        ]
 [ 0.          0.          0.          1.        ]]
-----------------------------------
------------------------------------
Translation mean : 
[1.22847338 0.02854101 0.36962349]
()
Rotation mean : 
[-0.1729525   0.01221357  0.98448769  0.02665682]
()
Current values
[1.2323415605009305, 0.03843942125224119, 0.36241076455447435]
[-0.16756953688968945, 0.01111637945328217, 0.9855603644248762, 0.021625089343883873]
Quaternion in openCV Convention: 
 [ 0.59815529  0.5592849  -0.39854597 -0.41298922]
Rotation in openCV Convention: 
 [[ 0.05671201  0.33989203 -0.93875298  0.        ]
 [ 0.99828047 -0.03326934  0.04826244  0.        ]
 [-0.01482767 -0.93987582 -0.34119434  0.        ]
 [ 0.          0.          0.          1.        ]]
-----------------------------------
------------------------------------
Translation mean : 
[1.22856548 0.02877668 0.36945176]
()
Rotation mean : 
[-0.17282433  0.01218745  0.98451323  0.02653701]
()
Current values
[1.2323415605009305, 0.03843942125224119, 0.36241076455447435]
[-0.16756953688968945, 0.01111637945328217, 0.9855603644248762, 0.021625089343883873]
Quaternion in openCV Convention: 
 [ 0.59803101  0.55930655 -0.39866967 -0.41301923]
Rotation in openCV Convention: 
 [[ 0.05646537  0.33965317 -0.9388543   0.        ]
 [ 0.99829448 -0.03317032  0.04804011  0.        ]
 [-0.01482512 -0.93996567 -0.34094686  0.        ]
 [ 0.          0.          0.          1.        ]]
-----------------------------------
------------------------------------
Translation mean : 
[1.22865329 0.0290014  0.36928801]
()
Rotation mean : 
[-0.17270213  0.01216254  0.98453758  0.02642278]
()
Current values
[1.2323415605009305, 0.03843942125224119, 0.36241076455447435]
[-0.16756953688968945, 0.01111637945328217, 0.9855603644248762, 0.021625089343883873]
Quaternion in openCV Convention: 
 [ 0.59791252  0.55932719 -0.39878761 -0.41304785]
Rotation in openCV Convention: 
 [[ 0.0562302   0.33942537 -0.93895079  0.        ]
 [ 0.9983078  -0.03307595  0.0478281   0.        ]
 [-0.01482262 -0.94005128 -0.34071086  0.        ]
 [ 0.          0.          0.          1.        ]]
-----------------------------------
------------------------------------
Translation mean : 
[1.22873712 0.0292159  0.36913171]
()
Rotation mean : 
[-0.17258548  0.01213877  0.98456083  0.02631374]
()
Current values
[1.2323415605009305, 0.03843942125224119, 0.36241076455447435]
[-0.16756953688968945, 0.01111637945328217, 0.9855603644248762, 0.021625089343883873]
Quaternion in openCV Convention: 
 [ 0.59779941  0.5593469  -0.39890018 -0.41307516]
Rotation in openCV Convention: 
 [[ 0.05600572  0.33920788 -0.9390428   0.        ]
 [ 0.99832045 -0.03298592  0.0476257   0.        ]
 [-0.01482018 -0.94013294 -0.34048556  0.        ]
 [ 0.          0.          0.          1.        ]]
-----------------------------------
------------------------------------
Translation mean : 
[1.22881722 0.02942087 0.36898236]
()
Rotation mean : 
[-0.17247401  0.01211605  0.98458304  0.02620955]
()
Current values
[1.2323415605009305, 0.03843942125224119, 0.36241076455447435]
[-0.16756953688968945, 0.01111637945328217, 0.9855603644248762, 0.021625089343883873]
Quaternion in openCV Convention: 
 [ 0.59769133  0.55936573 -0.39900776 -0.41310126]
Rotation in openCV Convention: 
 [[ 0.05579121  0.33900002 -0.93913062  0.        ]
 [ 0.9983325  -0.03289994  0.04743227  0.        ]
 [-0.0148178  -0.94021092 -0.34027027  0.        ]
 [ 0.          0.          0.          1.        ]]
-----------------------------------
------------------------------------
Translation mean : 
[1.22889383 0.02961692 0.3688395 ]
()
Rotation mean : 
[-0.1723674   0.01209431  0.98460429  0.02610989]
()
Current values
[1.2323415605009305, 0.03843942125224119, 0.36241076455447435]
[-0.16756953688968945, 0.01111637945328217, 0.9855603644248762, 0.021625089343883873]
Quaternion in openCV Convention: 
 [ 0.59758794  0.55938374 -0.39911066 -0.41312623]
Rotation in openCV Convention: 
 [[ 0.05558603  0.33880117 -0.93921454  0.        ]
 [ 0.99834398 -0.03281773  0.04724724  0.        ]
 [-0.01481547 -0.94028547 -0.34006432  0.        ]
 [ 0.          0.          0.          1.        ]]
-----------------------------------
------------------------------------
Translation mean : 
[1.22896719 0.02980463 0.36870272]
()
Rotation mean : 
[-0.17226531  0.01207351  0.98462463  0.02601447]
()
Current values
[1.2323415605009305, 0.03843942125224119, 0.36241076455447435]
[-0.16756953688968945, 0.01111637945328217, 0.9855603644248762, 0.021625089343883873]
Quaternion in openCV Convention: 
 [ 0.59748896  0.55940098 -0.39920918 -0.41315014]
Rotation in openCV Convention: 
 [[ 0.05538958  0.33861075 -0.93929482  0.        ]
 [ 0.99835493 -0.03273906  0.04707005  0.        ]
 [-0.01481321 -0.9403568  -0.33986711  0.        ]
 [ 0.          0.          0.          1.        ]]
-----------------------------------
------------------------------------
Translation mean : 
[1.22903749 0.02998452 0.36857163]
()
Rotation mean : 
[-0.17216748  0.01205357  0.98464412  0.02592302]
()
Current values
[1.2323415605009305, 0.03843942125224119, 0.36241076455447435]
[-0.16756953688968945, 0.01111637945328217, 0.9855603644248762, 0.021625089343883873]
Quaternion in openCV Convention: 
 [ 0.5973941   0.55941751 -0.39930359 -0.41317305]
Rotation in openCV Convention: 
 [[ 0.05520131  0.33842823 -0.93937168  0.        ]
 [ 0.99836539 -0.03266371  0.04690024  0.        ]
 [-0.014811   -0.94042512 -0.33967811  0.        ]
 [ 0.          0.          0.          1.        ]]
-----------------------------------
------------------------------------
Translation mean : 
[1.22910492 0.03015707 0.3684459 ]
()
Rotation mean : 
[-0.17207365  0.01203444  0.98466282  0.02583531]
()
Current values
[1.2323415605009305, 0.03843942125224119, 0.36241076455447435]
[-0.16756953688968945, 0.01111637945328217, 0.9855603644248762, 0.021625089343883873]
Quaternion in openCV Convention: 
 [ 0.59730311  0.55943336 -0.39939415 -0.41319502]
Rotation in openCV Convention: 
 [[ 0.05502072  0.33825314 -0.93944533  0.        ]
 [ 0.99837539 -0.03259145  0.04673733  0.        ]
 [-0.01480884 -0.94049062 -0.33949682  0.        ]
 [ 0.          0.          0.          1.        ]]
-----------------------------------
------------------------------------
Translation mean : 
[1.22916965 0.03032272 0.3683252 ]
()
Rotation mean : 
[-0.17198357  0.01201608  0.98468077  0.0257511 ]
()
Current values
[1.2323415605009305, 0.03843942125224119, 0.36241076455447435]
[-0.16756953688968945, 0.01111637945328217, 0.9855603644248762, 0.021625089343883873]
Quaternion in openCV Convention: 
 [ 0.59721576  0.55944858 -0.39948109 -0.41321612]
Rotation in openCV Convention: 
 [[ 0.05484735  0.33808503 -0.93951598  0.        ]
 [ 0.99838496 -0.03252212  0.04658093  0.        ]
 [-0.01480674 -0.94055347 -0.33932276  0.        ]
 [ 0.          0.          0.          1.        ]]
-----------------------------------
------------------------------------
Translation mean : 
[1.22923184 0.03048187 0.36820923]
()
Rotation mean : 
[-0.17189702  0.01199844  0.98469802  0.0256702 ]
()
Current values
[1.2323415605009305, 0.03843942125224119, 0.36241076455447435]
[-0.16756953688968945, 0.01111637945328217, 0.9855603644248762, 0.021625089343883873]
Quaternion in openCV Convention: 
 [ 0.59713184  0.5594632  -0.39956462 -0.41323638]
Rotation in openCV Convention: 
 [[ 0.05468079  0.33792349 -0.93958381  0.        ]
 [ 0.99839413 -0.03245553  0.04643065  0.        ]
 [-0.01480468 -0.94061382 -0.33915552  0.        ]
 [ 0.          0.          0.          1.        ]]
-----------------------------------
------------------------------------
Translation mean : 
[1.22929165 0.0306349  0.36809772]
()
Rotation mean : 
[-0.1718138   0.01198148  0.9847146   0.02559241]
()
Current values
[1.2323415605009305, 0.03843942125224119, 0.36241076455447435]
[-0.16756953688968945, 0.01111637945328217, 0.9855603644248762, 0.021625089343883873]
Quaternion in openCV Convention: 
 [ 0.59705114  0.55947726 -0.39964493 -0.41325587]
Rotation in openCV Convention: 
 [[ 0.05452063  0.33776814 -0.93964897  0.        ]
 [ 0.99840292 -0.03239153  0.04628614  0.        ]
 [-0.01480268 -0.94067182 -0.3389947   0.        ]
 [ 0.          0.          0.          1.        ]]
-----------------------------------
------------------------------------
Translation mean : 
[1.22934919 0.03078216 0.36799042]
()
Rotation mean : 
[-0.17173372  0.01196515  0.98473056  0.02551756]
()
Current values
[1.2323415605009305, 0.03843942125224119, 0.36241076455447435]
[-0.16756953688968945, 0.01111637945328217, 0.9855603644248762, 0.021625089343883873]
Quaternion in openCV Convention: 
 [ 0.59697349  0.55949078 -0.39972222 -0.41327462]
Rotation in openCV Convention: 
 [[ 0.05436651  0.33761863 -0.93971163  0.        ]
 [ 0.99841135 -0.03232997  0.04614707  0.        ]
 [-0.01480073 -0.94072761 -0.33883994  0.        ]
 [ 0.          0.          0.          1.        ]]
-----------------------------------
------------------------------------
Translation mean : 
[1.22940461 0.03092396 0.36788709]
()
Rotation mean : 
[-0.1716566   0.01194943  0.98474593  0.02544547]
()
Current values
[1.2323415605009305, 0.03843942125224119, 0.36241076455447435]
[-0.16756953688968945, 0.01111637945328217, 0.9855603644248762, 0.021625089343883873]
Quaternion in openCV Convention: 
 [ 0.59689872  0.55950381 -0.39979664 -0.41329268]
Rotation in openCV Convention: 
 [[ 0.05421809  0.33747464 -0.93977192  0.        ]
 [ 0.99841945 -0.0322707   0.04601314  0.        ]
 [-0.01479883 -0.94078131 -0.3386909   0.        ]
 [ 0.          0.          0.          1.        ]]
-----------------------------------
------------------------------------
Translation mean : 
[1.22945801 0.0310606  0.36778752]
()
Rotation mean : 
[-0.17158229  0.01193429  0.98476073  0.02537601]
()
Current values
[1.2323415605009305, 0.03843942125224119, 0.36241076455447435]
[-0.16756953688968945, 0.01111637945328217, 0.9855603644248762, 0.021625089343883873]
Quaternion in openCV Convention: 
 [ 0.59682666  0.55951636 -0.39986836 -0.41331008]
Rotation in openCV Convention: 
 [[ 0.05407508  0.33733588 -0.93982998  0.        ]
 [ 0.99842723 -0.03221361  0.04588407  0.        ]
 [-0.01479698 -0.94083303 -0.33854728  0.        ]
 [ 0.          0.          0.          1.        ]]
-----------------------------------
------------------------------------
Translation mean : 
[1.2295095  0.03119237 0.36769151]
()
Rotation mean : 
[-0.17151064  0.01191968  0.98477501  0.02530903]
()
Current values
[1.2323415605009305, 0.03843942125224119, 0.36241076455447435]
[-0.16756953688968945, 0.01111637945328217, 0.9855603644248762, 0.021625089343883873]
Quaternion in openCV Convention: 
 [ 0.59675718  0.55952847 -0.39993751 -0.41332686]
Rotation in openCV Convention: 
 [[ 0.05393717  0.33720205 -0.93988593  0.        ]
 [ 0.99843472 -0.03215858  0.0457596   0.        ]
 [-0.01479517 -0.94088288 -0.33840878  0.        ]
 [ 0.          0.          0.          1.        ]]
-----------------------------------
------------------------------------
Translation mean : 
[1.22955918 0.03131951 0.36759886]
()
Rotation mean : 
[-0.17144149  0.01190559  0.98478879  0.0252444 ]
()
Current values
[1.2323415605009305, 0.03843942125224119, 0.36241076455447435]
[-0.16756953688968945, 0.01111637945328217, 0.9855603644248762, 0.021625089343883873]
Quaternion in openCV Convention: 
 [ 0.59669014  0.55954015 -0.40000424 -0.41334306]
Rotation in openCV Convention: 
 [[ 0.0538041   0.33707291 -0.93993988  0.        ]
 [ 0.99844192 -0.03210549  0.04563949  0.        ]
 [-0.0147934  -0.94093097 -0.33827513  0.        ]
 [ 0.          0.          0.          1.        ]]
-----------------------------------
------------------------------------
Translation mean : 
[1.22960715 0.03144227 0.36750941]
()
Rotation mean : 
[-0.17137474  0.01189198  0.98480209  0.025182  ]
()
Current values
[1.2323415605009305, 0.03843942125224119, 0.36241076455447435]
[-0.16756953688968945, 0.01111637945328217, 0.9855603644248762, 0.021625089343883873]
Quaternion in openCV Convention: 
 [ 0.59662541  0.55955142 -0.40006867 -0.41335869]
Rotation in openCV Convention: 
 [[ 0.05367561  0.3369482  -0.93999193  0.        ]
 [ 0.99844886 -0.03205426  0.04552351  0.        ]
 [-0.01479168 -0.94097738 -0.33814608  0.        ]
 [ 0.          0.          0.          1.        ]]
-----------------------------------
------------------------------------
Translation mean : 
