------------------------------------
Translation mean : 
[1.22253213 0.11776472 0.32424239]
()
Rotation mean : 
[-0.1487144   0.00194923  0.9888104  -0.01158513]
()
Current values
[1.2225321259193263, 0.11776471810281416, 0.32424239472134453]
[-0.14871440404203057, 0.0019492262703019825, 0.9888104020918205, -0.011585131090449272]
Quaternion in openCV Convention: 
 [ 0.56394445  0.57358036 -0.42681518 -0.41328082]
Rotation in openCV Convention: 
 [[-2.23312402e-02  2.94145863e-01 -9.55499622e-01  0.00000000e+00]
 [ 9.99723971e-01 -4.09078692e-04 -2.34907523e-02  0.00000000e+00]
 [-7.30058216e-03 -9.55760453e-01 -2.94055535e-01  0.00000000e+00]
 [ 0.00000000e+00  0.00000000e+00  0.00000000e+00  1.00000000e+00]]
-----------------------------------
------------------------------------
Translation mean : 
[1.22253213 0.11776472 0.32424239]
()
Rotation mean : 
[-0.1487144   0.00194923  0.9888104  -0.01158513]
()
Current values
[1.2225321259193263, 0.11776471810281416, 0.32424239472134453]
[-0.14871440404203057, 0.0019492262703019825, 0.9888104020918205, -0.011585131090449272]
Quaternion in openCV Convention: 
 [ 0.56394445  0.57358036 -0.42681518 -0.41328082]
Rotation in openCV Convention: 
 [[-2.23312402e-02  2.94145863e-01 -9.55499622e-01  0.00000000e+00]
 [ 9.99723971e-01 -4.09078692e-04 -2.34907523e-02  0.00000000e+00]
 [-7.30058216e-03 -9.55760453e-01 -2.94055535e-01  0.00000000e+00]
 [ 0.00000000e+00  0.00000000e+00  0.00000000e+00  1.00000000e+00]]
-----------------------------------
------------------------------------
Translation mean : 
[1.22253213 0.11776472 0.32424239]
()
Rotation mean : 
[-0.1487144   0.00194923  0.9888104  -0.01158513]
()
Current values
[1.2225321259193263, 0.11776471810281416, 0.32424239472134453]
[-0.14871440404203057, 0.0019492262703019825, 0.9888104020918205, -0.011585131090449272]
Quaternion in openCV Convention: 
 [ 0.56394445  0.57358036 -0.42681518 -0.41328082]
Rotation in openCV Convention: 
 [[-2.23312402e-02  2.94145863e-01 -9.55499622e-01  0.00000000e+00]
 [ 9.99723971e-01 -4.09078692e-04 -2.34907523e-02  0.00000000e+00]
 [-7.30058216e-03 -9.55760453e-01 -2.94055535e-01  0.00000000e+00]
 [ 0.00000000e+00  0.00000000e+00  0.00000000e+00  1.00000000e+00]]
-----------------------------------
------------------------------------
Translation mean : 
[1.22253213 0.11776472 0.32424239]
()
Rotation mean : 
[-0.1487144   0.00194923  0.9888104  -0.01158513]
()
Current values
[1.2225321259193263, 0.11776471810281416, 0.32424239472134453]
[-0.14871440404203057, 0.0019492262703019825, 0.9888104020918205, -0.011585131090449272]
Quaternion in openCV Convention: 
 [ 0.56394445  0.57358036 -0.42681518 -0.41328082]
Rotation in openCV Convention: 
 [[-2.23312402e-02  2.94145863e-01 -9.55499622e-01  0.00000000e+00]
 [ 9.99723971e-01 -4.09078692e-04 -2.34907523e-02  0.00000000e+00]
 [-7.30058216e-03 -9.55760453e-01 -2.94055535e-01  0.00000000e+00]
 [ 0.00000000e+00  0.00000000e+00  0.00000000e+00  1.00000000e+00]]
-----------------------------------
------------------------------------
Translation mean : 
[1.22253213 0.11776472 0.32424239]
()
Rotation mean : 
[-0.1487144   0.00194923  0.9888104  -0.01158513]
()
Current values
[1.2225321259193263, 0.11776471810281416, 0.32424239472134453]
[-0.14871440404203057, 0.0019492262703019825, 0.9888104020918205, -0.011585131090449272]
Quaternion in openCV Convention: 
 [ 0.56394445  0.57358036 -0.42681518 -0.41328082]
Rotation in openCV Convention: 
 [[-2.23312402e-02  2.94145863e-01 -9.55499622e-01  0.00000000e+00]
 [ 9.99723971e-01 -4.09078692e-04 -2.34907523e-02  0.00000000e+00]
 [-7.30058216e-03 -9.55760453e-01 -2.94055535e-01  0.00000000e+00]
 [ 0.00000000e+00  0.00000000e+00  0.00000000e+00  1.00000000e+00]]
-----------------------------------
------------------------------------
Translation mean : 
[1.22253213 0.11776472 0.32424239]
()
Rotation mean : 
[-0.1487144   0.00194923  0.9888104  -0.01158513]
()
Current values
[1.2225321259193263, 0.11776471810281416, 0.32424239472134453]
[-0.14871440404203057, 0.0019492262703019825, 0.9888104020918205, -0.011585131090449272]
Quaternion in openCV Convention: 
 [ 0.56394445  0.57358036 -0.42681518 -0.41328082]
Rotation in openCV Convention: 
 [[-2.23312402e-02  2.94145863e-01 -9.55499622e-01  0.00000000e+00]
 [ 9.99723971e-01 -4.09078692e-04 -2.34907523e-02  0.00000000e+00]
 [-7.30058216e-03 -9.55760453e-01 -2.94055535e-01  0.00000000e+00]
 [ 0.00000000e+00  0.00000000e+00  0.00000000e+00  1.00000000e+00]]
-----------------------------------
------------------------------------
Translation mean : 
[1.22253213 0.11776472 0.32424239]
()
Rotation mean : 
[-0.1487144   0.00194923  0.9888104  -0.01158513]
()
Current values
[1.2225321259193263, 0.11776471810281416, 0.32424239472134453]
[-0.14871440404203057, 0.0019492262703019825, 0.9888104020918205, -0.011585131090449272]
Quaternion in openCV Convention: 
 [ 0.56394445  0.57358036 -0.42681518 -0.41328082]
Rotation in openCV Convention: 
 [[-2.23312402e-02  2.94145863e-01 -9.55499622e-01  0.00000000e+00]
 [ 9.99723971e-01 -4.09078692e-04 -2.34907523e-02  0.00000000e+00]
 [-7.30058216e-03 -9.55760453e-01 -2.94055535e-01  0.00000000e+00]
 [ 0.00000000e+00  0.00000000e+00  0.00000000e+00  1.00000000e+00]]
-----------------------------------
------------------------------------
Translation mean : 
[1.22253213 0.11776472 0.32424239]
()
Rotation mean : 
[-0.1487144   0.00194923  0.9888104  -0.01158513]
()
Current values
[1.2225321259193263, 0.11776471810281416, 0.32424239472134453]
[-0.14871440404203057, 0.0019492262703019825, 0.9888104020918205, -0.011585131090449272]
Quaternion in openCV Convention: 
 [ 0.56394445  0.57358036 -0.42681518 -0.41328082]
Rotation in openCV Convention: 
 [[-2.23312402e-02  2.94145863e-01 -9.55499622e-01  0.00000000e+00]
 [ 9.99723971e-01 -4.09078692e-04 -2.34907523e-02  0.00000000e+00]
 [-7.30058216e-03 -9.55760453e-01 -2.94055535e-01  0.00000000e+00]
 [ 0.00000000e+00  0.00000000e+00  0.00000000e+00  1.00000000e+00]]
-----------------------------------
------------------------------------
Translation mean : 
[1.22253213 0.11776472 0.32424239]
()
Rotation mean : 
[-0.1487144   0.00194923  0.9888104  -0.01158513]
()
Current values
[1.2225321259193263, 0.11776471810281416, 0.32424239472134453]
[-0.14871440404203057, 0.0019492262703019825, 0.9888104020918205, -0.011585131090449272]
Quaternion in openCV Convention: 
 [ 0.56394445  0.57358036 -0.42681518 -0.41328082]
Rotation in openCV Convention: 
 [[-2.23312402e-02  2.94145863e-01 -9.55499622e-01  0.00000000e+00]
 [ 9.99723971e-01 -4.09078692e-04 -2.34907523e-02  0.00000000e+00]
 [-7.30058216e-03 -9.55760453e-01 -2.94055535e-01  0.00000000e+00]
 [ 0.00000000e+00  0.00000000e+00  0.00000000e+00  1.00000000e+00]]
-----------------------------------
------------------------------------
Translation mean : 
[1.22253213 0.11776472 0.32424239]
()
Rotation mean : 
[-0.1487144   0.00194923  0.9888104  -0.01158513]
()
Current values
[1.2225321259193263, 0.11776471810281416, 0.32424239472134453]
[-0.14871440404203057, 0.0019492262703019825, 0.9888104020918205, -0.011585131090449272]
Quaternion in openCV Convention: 
 [ 0.56394445  0.57358036 -0.42681518 -0.41328082]
Rotation in openCV Convention: 
 [[-2.23312402e-02  2.94145863e-01 -9.55499622e-01  0.00000000e+00]
 [ 9.99723971e-01 -4.09078692e-04 -2.34907523e-02  0.00000000e+00]
 [-7.30058216e-03 -9.55760453e-01 -2.94055535e-01  0.00000000e+00]
 [ 0.00000000e+00  0.00000000e+00  0.00000000e+00  1.00000000e+00]]
-----------------------------------
------------------------------------
Translation mean : 
[1.22253213 0.11776472 0.32424239]
()
Rotation mean : 
[-0.1487144   0.00194923  0.9888104  -0.01158513]
()
Current values
[1.2225321259193263, 0.11776471810281416, 0.32424239472134453]
[-0.14871440404203057, 0.0019492262703019825, 0.9888104020918205, -0.011585131090449272]
Quaternion in openCV Convention: 
 [ 0.56394445  0.57358036 -0.42681518 -0.41328082]
Rotation in openCV Convention: 
 [[-2.23312402e-02  2.94145863e-01 -9.55499622e-01  0.00000000e+00]
 [ 9.99723971e-01 -4.09078692e-04 -2.34907523e-02  0.00000000e+00]
 [-7.30058216e-03 -9.55760453e-01 -2.94055535e-01  0.00000000e+00]
 [ 0.00000000e+00  0.00000000e+00  0.00000000e+00  1.00000000e+00]]
-----------------------------------
------------------------------------
Translation mean : 
[1.22253213 0.11776472 0.32424239]
()
Rotation mean : 
[-0.1487144   0.00194923  0.9888104  -0.01158513]
()
Current values
[1.2225321259193263, 0.11776471810281416, 0.32424239472134453]
[-0.14871440404203057, 0.0019492262703019825, 0.9888104020918205, -0.011585131090449272]
Quaternion in openCV Convention: 
 [ 0.56394445  0.57358036 -0.42681518 -0.41328082]
Rotation in openCV Convention: 
 [[-2.23312402e-02  2.94145863e-01 -9.55499622e-01  0.00000000e+00]
 [ 9.99723971e-01 -4.09078692e-04 -2.34907523e-02  0.00000000e+00]
 [-7.30058216e-03 -9.55760453e-01 -2.94055535e-01  0.00000000e+00]
 [ 0.00000000e+00  0.00000000e+00  0.00000000e+00  1.00000000e+00]]
-----------------------------------
------------------------------------
Translation mean : 
[1.22253213 0.11776472 0.32424239]
()
Rotation mean : 
[-0.1487144   0.00194923  0.9888104  -0.01158513]
()
Current values
[1.2225321259193263, 0.11776471810281416, 0.32424239472134453]
[-0.14871440404203057, 0.0019492262703019825, 0.9888104020918205, -0.011585131090449272]
Quaternion in openCV Convention: 
 [ 0.56394445  0.57358036 -0.42681518 -0.41328082]
Rotation in openCV Convention: 
 [[-2.23312402e-02  2.94145863e-01 -9.55499622e-01  0.00000000e+00]
 [ 9.99723971e-01 -4.09078692e-04 -2.34907523e-02  0.00000000e+00]
 [-7.30058216e-03 -9.55760453e-01 -2.94055535e-01  0.00000000e+00]
 [ 0.00000000e+00  0.00000000e+00  0.00000000e+00  1.00000000e+00]]
-----------------------------------
------------------------------------
Translation mean : 
[1.22253213 0.11776472 0.32424239]
()
Rotation mean : 
[-0.1487144   0.00194923  0.9888104  -0.01158513]
()
Current values
[1.2225321259193263, 0.11776471810281416, 0.32424239472134453]
[-0.14871440404203057, 0.0019492262703019825, 0.9888104020918205, -0.011585131090449272]
Quaternion in openCV Convention: 
 [ 0.56394445  0.57358036 -0.42681518 -0.41328082]
Rotation in openCV Convention: 
 [[-2.23312402e-02  2.94145863e-01 -9.55499622e-01  0.00000000e+00]
 [ 9.99723971e-01 -4.09078692e-04 -2.34907523e-02  0.00000000e+00]
 [-7.30058216e-03 -9.55760453e-01 -2.94055535e-01  0.00000000e+00]
 [ 0.00000000e+00  0.00000000e+00  0.00000000e+00  1.00000000e+00]]
-----------------------------------
------------------------------------
Translation mean : 
[1.22253213 0.11776472 0.32424239]
()
Rotation mean : 
[-0.1487144   0.00194923  0.9888104  -0.01158513]
()
Current values
[1.2225321259193263, 0.11776471810281416, 0.32424239472134453]
[-0.14871440404203057, 0.0019492262703019825, 0.9888104020918205, -0.011585131090449272]
Quaternion in openCV Convention: 
 [ 0.56394445  0.57358036 -0.42681518 -0.41328082]
Rotation in openCV Convention: 
 [[-2.23312402e-02  2.94145863e-01 -9.55499622e-01  0.00000000e+00]
 [ 9.99723971e-01 -4.09078692e-04 -2.34907523e-02  0.00000000e+00]
 [-7.30058216e-03 -9.55760453e-01 -2.94055535e-01  0.00000000e+00]
 [ 0.00000000e+00  0.00000000e+00  0.00000000e+00  1.00000000e+00]]
-----------------------------------
------------------------------------
Translation mean : 
[1.22253213 0.11776472 0.32424239]
()
Rotation mean : 
[-0.1487144   0.00194923  0.9888104  -0.01158513]
()
Current values
[1.2225321259193263, 0.11776471810281416, 0.32424239472134453]
[-0.14871440404203057, 0.0019492262703019825, 0.9888104020918205, -0.011585131090449272]
Quaternion in openCV Convention: 
 [ 0.56394445  0.57358036 -0.42681518 -0.41328082]
Rotation in openCV Convention: 
 [[-2.23312402e-02  2.94145863e-01 -9.55499622e-01  0.00000000e+00]
 [ 9.99723971e-01 -4.09078692e-04 -2.34907523e-02  0.00000000e+00]
 [-7.30058216e-03 -9.55760453e-01 -2.94055535e-01  0.00000000e+00]
 [ 0.00000000e+00  0.00000000e+00  0.00000000e+00  1.00000000e+00]]
-----------------------------------
------------------------------------
Translation mean : 
[1.22253213 0.11776472 0.32424239]
()
Rotation mean : 
[-0.1487144   0.00194923  0.9888104  -0.01158513]
()
Current values
[1.2225321259193263, 0.11776471810281416, 0.32424239472134453]
[-0.14871440404203057, 0.0019492262703019825, 0.9888104020918205, -0.011585131090449272]
Quaternion in openCV Convention: 
 [ 0.56394445  0.57358036 -0.42681518 -0.41328082]
Rotation in openCV Convention: 
 [[-2.23312402e-02  2.94145863e-01 -9.55499622e-01  0.00000000e+00]
 [ 9.99723971e-01 -4.09078692e-04 -2.34907523e-02  0.00000000e+00]
 [-7.30058216e-03 -9.55760453e-01 -2.94055535e-01  0.00000000e+00]
 [ 0.00000000e+00  0.00000000e+00  0.00000000e+00  1.00000000e+00]]
-----------------------------------
------------------------------------
Translation mean : 
[1.22253213 0.11776472 0.32424239]
()
Rotation mean : 
[-0.1487144   0.00194923  0.9888104  -0.01158513]
()
Current values
[1.2225321259193263, 0.11776471810281416, 0.32424239472134453]
[-0.14871440404203057, 0.0019492262703019825, 0.9888104020918205, -0.011585131090449272]
Quaternion in openCV Convention: 
 [ 0.56394445  0.57358036 -0.42681518 -0.41328082]
Rotation in openCV Convention: 
 [[-2.23312402e-02  2.94145863e-01 -9.55499622e-01  0.00000000e+00]
 [ 9.99723971e-01 -4.09078692e-04 -2.34907523e-02  0.00000000e+00]
 [-7.30058216e-03 -9.55760453e-01 -2.94055535e-01  0.00000000e+00]
 [ 0.00000000e+00  0.00000000e+00  0.00000000e+00  1.00000000e+00]]
-----------------------------------
------------------------------------
Translation mean : 
[1.22253213 0.11776472 0.32424239]
()
Rotation mean : 
[-0.1487144   0.00194923  0.9888104  -0.01158513]
()
Current values
[1.2225321259193263, 0.11776471810281416, 0.32424239472134453]
[-0.14871440404203057, 0.0019492262703019825, 0.9888104020918205, -0.011585131090449272]
Quaternion in openCV Convention: 
 [ 0.56394445  0.57358036 -0.42681518 -0.41328082]
Rotation in openCV Convention: 
 [[-2.23312402e-02  2.94145863e-01 -9.55499622e-01  0.00000000e+00]
 [ 9.99723971e-01 -4.09078692e-04 -2.34907523e-02  0.00000000e+00]
 [-7.30058216e-03 -9.55760453e-01 -2.94055535e-01  0.00000000e+00]
 [ 0.00000000e+00  0.00000000e+00  0.00000000e+00  1.00000000e+00]]
-----------------------------------
------------------------------------
Translation mean : 
[1.22253213 0.11776472 0.32424239]
()
Rotation mean : 
[-0.1487144   0.00194923  0.9888104  -0.01158513]
()
Current values
[1.2225321259193263, 0.11776471810281416, 0.32424239472134453]
[-0.14871440404203057, 0.0019492262703019825, 0.9888104020918205, -0.011585131090449272]
Quaternion in openCV Convention: 
 [ 0.56394445  0.57358036 -0.42681518 -0.41328082]
Rotation in openCV Convention: 
 [[-2.23312402e-02  2.94145863e-01 -9.55499622e-01  0.00000000e+00]
 [ 9.99723971e-01 -4.09078692e-04 -2.34907523e-02  0.00000000e+00]
 [-7.30058216e-03 -9.55760453e-01 -2.94055535e-01  0.00000000e+00]
 [ 0.00000000e+00  0.00000000e+00  0.00000000e+00  1.00000000e+00]]
-----------------------------------
------------------------------------
Translation mean : 
[1.22253213 0.11776472 0.32424239]
()
Rotation mean : 
[-0.1487144   0.00194923  0.9888104  -0.01158513]
()
Current values
[1.2225321259193263, 0.11776471810281416, 0.32424239472134453]
[-0.14871440404203057, 0.0019492262703019825, 0.9888104020918205, -0.011585131090449272]
Quaternion in openCV Convention: 
 [ 0.56394445  0.57358036 -0.42681518 -0.41328082]
Rotation in openCV Convention: 
 [[-2.23312402e-02  2.94145863e-01 -9.55499622e-01  0.00000000e+00]
 [ 9.99723971e-01 -4.09078692e-04 -2.34907523e-02  0.00000000e+00]
 [-7.30058216e-03 -9.55760453e-01 -2.94055535e-01  0.00000000e+00]
 [ 0.00000000e+00  0.00000000e+00  0.00000000e+00  1.00000000e+00]]
-----------------------------------
------------------------------------
Translation mean : 
[1.22253213 0.11776472 0.32424239]
()
Rotation mean : 
[-0.1487144   0.00194923  0.9888104  -0.01158513]
()
Current values
[1.2225321259193263, 0.11776471810281416, 0.32424239472134453]
[-0.14871440404203057, 0.0019492262703019825, 0.9888104020918205, -0.011585131090449272]
Quaternion in openCV Convention: 
 [ 0.56394445  0.57358036 -0.42681518 -0.41328082]
Rotation in openCV Convention: 
 [[-2.23312402e-02  2.94145863e-01 -9.55499622e-01  0.00000000e+00]
 [ 9.99723971e-01 -4.09078692e-04 -2.34907523e-02  0.00000000e+00]
 [-7.30058216e-03 -9.55760453e-01 -2.94055535e-01  0.00000000e+00]
 [ 0.00000000e+00  0.00000000e+00  0.00000000e+00  1.00000000e+00]]
-----------------------------------
------------------------------------
Translation mean : 
[1.22253213 0.11776472 0.32424239]
()
Rotation mean : 
[-0.1487144   0.00194923  0.9888104  -0.01158513]
()
Current values
[1.2225321259193263, 0.11776471810281416, 0.32424239472134453]
[-0.14871440404203057, 0.0019492262703019825, 0.9888104020918205, -0.011585131090449272]
Quaternion in openCV Convention: 
 [ 0.56394445  0.57358036 -0.42681518 -0.41328082]
Rotation in openCV Convention: 
 [[-2.23312402e-02  2.94145863e-01 -9.55499622e-01  0.00000000e+00]
 [ 9.99723971e-01 -4.09078692e-04 -2.34907523e-02  0.00000000e+00]
 [-7.30058216e-03 -9.55760453e-01 -2.94055535e-01  0.00000000e+00]
 [ 0.00000000e+00  0.00000000e+00  0.00000000e+00  1.00000000e+00]]
-----------------------------------
------------------------------------
Translation mean : 
[1.22253213 0.11776472 0.32424239]
()
Rotation mean : 
[-0.1487144   0.00194923  0.9888104  -0.01158513]
()
Current values
[1.2225321259193263, 0.11776471810281416, 0.32424239472134453]
[-0.14871440404203057, 0.0019492262703019825, 0.9888104020918205, -0.011585131090449272]
Quaternion in openCV Convention: 
 [ 0.56394445  0.57358036 -0.42681518 -0.41328082]
Rotation in openCV Convention: 
 [[-2.23312402e-02  2.94145863e-01 -9.55499622e-01  0.00000000e+00]
 [ 9.99723971e-01 -4.09078692e-04 -2.34907523e-02  0.00000000e+00]
 [-7.30058216e-03 -9.55760453e-01 -2.94055535e-01  0.00000000e+00]
 [ 0.00000000e+00  0.00000000e+00  0.00000000e+00  1.00000000e+00]]
-----------------------------------
------------------------------------
Translation mean : 
[1.22253213 0.11776472 0.32424239]
()
Rotation mean : 
[-0.1487144   0.00194923  0.9888104  -0.01158513]
()
Current values
[1.2225321259193263, 0.11776471810281416, 0.32424239472134453]
[-0.14871440404203057, 0.0019492262703019825, 0.9888104020918205, -0.011585131090449272]
Quaternion in openCV Convention: 
 [ 0.56394445  0.57358036 -0.42681518 -0.41328082]
Rotation in openCV Convention: 
 [[-2.23312402e-02  2.94145863e-01 -9.55499622e-01  0.00000000e+00]
 [ 9.99723971e-01 -4.09078692e-04 -2.34907523e-02  0.00000000e+00]
 [-7.30058216e-03 -9.55760453e-01 -2.94055535e-01  0.00000000e+00]
 [ 0.00000000e+00  0.00000000e+00  0.00000000e+00  1.00000000e+00]]
-----------------------------------
------------------------------------
Translation mean : 
[1.22253213 0.11776472 0.32424239]
()
Rotation mean : 
[-0.1487144   0.00194923  0.9888104  -0.01158513]
()
Current values
[1.2225321259193263, 0.11776471810281416, 0.32424239472134453]
[-0.14871440404203057, 0.0019492262703019825, 0.9888104020918205, -0.011585131090449272]
Quaternion in openCV Convention: 
 [ 0.56394445  0.57358036 -0.42681518 -0.41328082]
Rotation in openCV Convention: 
 [[-2.23312402e-02  2.94145863e-01 -9.55499622e-01  0.00000000e+00]
 [ 9.99723971e-01 -4.09078692e-04 -2.34907523e-02  0.00000000e+00]
 [-7.30058216e-03 -9.55760453e-01 -2.94055535e-01  0.00000000e+00]
 [ 0.00000000e+00  0.00000000e+00  0.00000000e+00  1.00000000e+00]]
-----------------------------------
------------------------------------
Translation mean : 
[1.22253213 0.11776472 0.32424239]
()
Rotation mean : 
[-0.1487144   0.00194923  0.9888104  -0.01158513]
()
Current values
[1.2225321259193263, 0.11776471810281416, 0.32424239472134453]
[-0.14871440404203057, 0.0019492262703019825, 0.9888104020918205, -0.011585131090449272]
Quaternion in openCV Convention: 
 [ 0.56394445  0.57358036 -0.42681518 -0.41328082]
Rotation in openCV Convention: 
 [[-2.23312402e-02  2.94145863e-01 -9.55499622e-01  0.00000000e+00]
 [ 9.99723971e-01 -4.09078692e-04 -2.34907523e-02  0.00000000e+00]
 [-7.30058216e-03 -9.55760453e-01 -2.94055535e-01  0.00000000e+00]
 [ 0.00000000e+00  0.00000000e+00  0.00000000e+00  1.00000000e+00]]
-----------------------------------
------------------------------------
Translation mean : 
[1.22253213 0.11776472 0.32424239]
()
Rotation mean : 
[-0.1487144   0.00194923  0.9888104  -0.01158513]
()
Current values
[1.2225321259193263, 0.11776471810281416, 0.32424239472134453]
[-0.14871440404203057, 0.0019492262703019825, 0.9888104020918205, -0.011585131090449272]
Quaternion in openCV Convention: 
 [ 0.56394445  0.57358036 -0.42681518 -0.41328082]
Rotation in openCV Convention: 
 [[-2.23312402e-02  2.94145863e-01 -9.55499622e-01  0.00000000e+00]
 [ 9.99723971e-01 -4.09078692e-04 -2.34907523e-02  0.00000000e+00]
 [-7.30058216e-03 -9.55760453e-01 -2.94055535e-01  0.00000000e+00]
 [ 0.00000000e+00  0.00000000e+00  0.00000000e+00  1.00000000e+00]]
-----------------------------------
------------------------------------
Translation mean : 
[1.22253213 0.11776472 0.32424239]
()
Rotation mean : 
[-0.1487144   0.00194923  0.9888104  -0.01158513]
()
Current values
[1.2225321259193263, 0.11776471810281416, 0.32424239472134453]
[-0.14871440404203057, 0.0019492262703019825, 0.9888104020918205, -0.011585131090449272]
Quaternion in openCV Convention: 
 [ 0.56394445  0.57358036 -0.42681518 -0.41328082]
Rotation in openCV Convention: 
 [[-2.23312402e-02  2.94145863e-01 -9.55499622e-01  0.00000000e+00]
 [ 9.99723971e-01 -4.09078692e-04 -2.34907523e-02  0.00000000e+00]
 [-7.30058216e-03 -9.55760453e-01 -2.94055535e-01  0.00000000e+00]
 [ 0.00000000e+00  0.00000000e+00  0.00000000e+00  1.00000000e+00]]
-----------------------------------
------------------------------------
Translation mean : 
[1.22253213 0.11776472 0.32424239]
()
Rotation mean : 
[-0.1487144   0.00194923  0.9888104  -0.01158513]
()
Current values
[1.2225321259193263, 0.11776471810281416, 0.32424239472134453]
[-0.14871440404203057, 0.0019492262703019825, 0.9888104020918205, -0.011585131090449272]
Quaternion in openCV Convention: 
 [ 0.56394445  0.57358036 -0.42681518 -0.41328082]
Rotation in openCV Convention: 
 [[-2.23312402e-02  2.94145863e-01 -9.55499622e-01  0.00000000e+00]
 [ 9.99723971e-01 -4.09078692e-04 -2.34907523e-02  0.00000000e+00]
 [-7.30058216e-03 -9.55760453e-01 -2.94055535e-01  0.00000000e+00]
 [ 0.00000000e+00  0.00000000e+00  0.00000000e+00  1.00000000e+00]]
-----------------------------------
------------------------------------
Translation mean : 
[1.22253213 0.11776472 0.32424239]
()
Rotation mean : 
[-0.1487144   0.00194923  0.9888104  -0.01158513]
()
Current values
[1.2225321259193263, 0.11776471810281416, 0.32424239472134453]
[-0.14871440404203057, 0.0019492262703019825, 0.9888104020918205, -0.011585131090449272]
Quaternion in openCV Convention: 
 [ 0.56394445  0.57358036 -0.42681518 -0.41328082]
Rotation in openCV Convention: 
 [[-2.23312402e-02  2.94145863e-01 -9.55499622e-01  0.00000000e+00]
 [ 9.99723971e-01 -4.09078692e-04 -2.34907523e-02  0.00000000e+00]
 [-7.30058216e-03 -9.55760453e-01 -2.94055535e-01  0.00000000e+00]
 [ 0.00000000e+00  0.00000000e+00  0.00000000e+00  1.00000000e+00]]
-----------------------------------
------------------------------------
Translation mean : 
[1.22253213 0.11776472 0.32424239]
()
Rotation mean : 
[-0.1487144   0.00194923  0.9888104  -0.01158513]
()
Current values
[1.2225321259193263, 0.11776471810281416, 0.32424239472134453]
[-0.14871440404203057, 0.0019492262703019825, 0.9888104020918205, -0.011585131090449272]
Quaternion in openCV Convention: 
 [ 0.56394445  0.57358036 -0.42681518 -0.41328082]
Rotation in openCV Convention: 
 [[-2.23312402e-02  2.94145863e-01 -9.55499622e-01  0.00000000e+00]
 [ 9.99723971e-01 -4.09078692e-04 -2.34907523e-02  0.00000000e+00]
 [-7.30058216e-03 -9.55760453e-01 -2.94055535e-01  0.00000000e+00]
 [ 0.00000000e+00  0.00000000e+00  0.00000000e+00  1.00000000e+00]]
-----------------------------------
------------------------------------
Translation mean : 
[1.22253213 0.11776472 0.32424239]
()
Rotation mean : 
[-0.1487144   0.00194923  0.9888104  -0.01158513]
()
Current values
[1.2225321259193263, 0.11776471810281416, 0.32424239472134453]
[-0.14871440404203057, 0.0019492262703019825, 0.9888104020918205, -0.011585131090449272]
Quaternion in openCV Convention: 
 [ 0.56394445  0.57358036 -0.42681518 -0.41328082]
Rotation in openCV Convention: 
 [[-2.23312402e-02  2.94145863e-01 -9.55499622e-01  0.00000000e+00]
 [ 9.99723971e-01 -4.09078692e-04 -2.34907523e-02  0.00000000e+00]
 [-7.30058216e-03 -9.55760453e-01 -2.94055535e-01  0.00000000e+00]
 [ 0.00000000e+00  0.00000000e+00  0.00000000e+00  1.00000000e+00]]
-----------------------------------
------------------------------------
Translation mean : 
[1.22253213 0.11776472 0.32424239]
()
Rotation mean : 
[-0.1487144   0.00194923  0.9888104  -0.01158513]
()
Current values
[1.2225321259193263, 0.11776471810281416, 0.32424239472134453]
[-0.14871440404203057, 0.0019492262703019825, 0.9888104020918205, -0.011585131090449272]
Quaternion in openCV Convention: 
 [ 0.56394445  0.57358036 -0.42681518 -0.41328082]
Rotation in openCV Convention: 
 [[-2.23312402e-02  2.94145863e-01 -9.55499622e-01  0.00000000e+00]
 [ 9.99723971e-01 -4.09078692e-04 -2.34907523e-02  0.00000000e+00]
 [-7.30058216e-03 -9.55760453e-01 -2.94055535e-01  0.00000000e+00]
 [ 0.00000000e+00  0.00000000e+00  0.00000000e+00  1.00000000e+00]]
-----------------------------------
------------------------------------
Translation mean : 
[1.22253213 0.11776472 0.32424239]
()
Rotation mean : 
[-0.1487144   0.00194923  0.9888104  -0.01158513]
()
Current values
[1.2225321259193263, 0.11776471810281416, 0.32424239472134453]
[-0.14871440404203057, 0.0019492262703019825, 0.9888104020918205, -0.011585131090449272]
Quaternion in openCV Convention: 
 [ 0.56394445  0.57358036 -0.42681518 -0.41328082]
Rotation in openCV Convention: 
 [[-2.23312402e-02  2.94145863e-01 -9.55499622e-01  0.00000000e+00]
 [ 9.99723971e-01 -4.09078692e-04 -2.34907523e-02  0.00000000e+00]
 [-7.30058216e-03 -9.55760453e-01 -2.94055535e-01  0.00000000e+00]
 [ 0.00000000e+00  0.00000000e+00  0.00000000e+00  1.00000000e+00]]
-----------------------------------
------------------------------------
Translation mean : 
[1.22253213 0.11776472 0.32424239]
()
Rotation mean : 
[-0.1487144   0.00194923  0.9888104  -0.01158513]
()
Current values
[1.2225321259193263, 0.11776471810281416, 0.32424239472134453]
[-0.14871440404203057, 0.0019492262703019825, 0.9888104020918205, -0.011585131090449272]
Quaternion in openCV Convention: 
 [ 0.56394445  0.57358036 -0.42681518 -0.41328082]
Rotation in openCV Convention: 
 [[-2.23312402e-02  2.94145863e-01 -9.55499622e-01  0.00000000e+00]
 [ 9.99723971e-01 -4.09078692e-04 -2.34907523e-02  0.00000000e+00]
 [-7.30058216e-03 -9.55760453e-01 -2.94055535e-01  0.00000000e+00]
 [ 0.00000000e+00  0.00000000e+00  0.00000000e+00  1.00000000e+00]]
-----------------------------------
------------------------------------
Translation mean : 
[1.22253213 0.11776472 0.32424239]
()
Rotation mean : 
[-0.1487144   0.00194923  0.9888104  -0.01158513]
()
Current values
[1.2225321259193263, 0.11776471810281416, 0.32424239472134453]
[-0.14871440404203057, 0.0019492262703019825, 0.9888104020918205, -0.011585131090449272]
Quaternion in openCV Convention: 
 [ 0.56394445  0.57358036 -0.42681518 -0.41328082]
Rotation in openCV Convention: 
 [[-2.23312402e-02  2.94145863e-01 -9.55499622e-01  0.00000000e+00]
 [ 9.99723971e-01 -4.09078692e-04 -2.34907523e-02  0.00000000e+00]
 [-7.30058216e-03 -9.55760453e-01 -2.94055535e-01  0.00000000e+00]
 [ 0.00000000e+00  0.00000000e+00  0.00000000e+00  1.00000000e+00]]
-----------------------------------
------------------------------------
Translation mean : 
[1.22253213 0.11776472 0.32424239]
()
Rotation mean : 
[-0.1487144   0.00194923  0.9888104  -0.01158513]
()
Current values
[1.2225321259193263, 0.11776471810281416, 0.32424239472134453]
[-0.14871440404203057, 0.0019492262703019825, 0.9888104020918205, -0.011585131090449272]
Quaternion in openCV Convention: 
 [ 0.56394445  0.57358036 -0.42681518 -0.41328082]
Rotation in openCV Convention: 
 [[-2.23312402e-02  2.94145863e-01 -9.55499622e-01  0.00000000e+00]
 [ 9.99723971e-01 -4.09078692e-04 -2.34907523e-02  0.00000000e+00]
 [-7.30058216e-03 -9.55760453e-01 -2.94055535e-01  0.00000000e+00]
 [ 0.00000000e+00  0.00000000e+00  0.00000000e+00  1.00000000e+00]]
-----------------------------------
------------------------------------
Translation mean : 
[1.22253213 0.11776472 0.32424239]
()
Rotation mean : 
[-0.1487144   0.00194923  0.9888104  -0.01158513]
()
Current values
[1.2225321259193263, 0.11776471810281416, 0.32424239472134453]
[-0.14871440404203057, 0.0019492262703019825, 0.9888104020918205, -0.011585131090449272]
Quaternion in openCV Convention: 
 [ 0.56394445  0.57358036 -0.42681518 -0.41328082]
Rotation in openCV Convention: 
 [[-2.23312402e-02  2.94145863e-01 -9.55499622e-01  0.00000000e+00]
 [ 9.99723971e-01 -4.09078692e-04 -2.34907523e-02  0.00000000e+00]
 [-7.30058216e-03 -9.55760453e-01 -2.94055535e-01  0.00000000e+00]
 [ 0.00000000e+00  0.00000000e+00  0.00000000e+00  1.00000000e+00]]
-----------------------------------
------------------------------------
Translation mean : 
[1.22253213 0.11776472 0.32424239]
()
Rotation mean : 
[-0.1487144   0.00194923  0.9888104  -0.01158513]
()
Current values
[1.2225321259193263, 0.11776471810281416, 0.32424239472134453]
[-0.14871440404203057, 0.0019492262703019825, 0.9888104020918205, -0.011585131090449272]
Quaternion in openCV Convention: 
 [ 0.56394445  0.57358036 -0.42681518 -0.41328082]
Rotation in openCV Convention: 
 [[-2.23312402e-02  2.94145863e-01 -9.55499622e-01  0.00000000e+00]
 [ 9.99723971e-01 -4.09078692e-04 -2.34907523e-02  0.00000000e+00]
 [-7.30058216e-03 -9.55760453e-01 -2.94055535e-01  0.00000000e+00]
 [ 0.00000000e+00  0.00000000e+00  0.00000000e+00  1.00000000e+00]]
-----------------------------------
------------------------------------
Translation mean : 
[1.22253213 0.11776472 0.32424239]
()
Rotation mean : 
[-0.1487144   0.00194923  0.9888104  -0.01158513]
()
Current values
[1.2225321259193263, 0.11776471810281416, 0.32424239472134453]
[-0.14871440404203057, 0.0019492262703019825, 0.9888104020918205, -0.011585131090449272]
Quaternion in openCV Convention: 
 [ 0.56394445  0.57358036 -0.42681518 -0.41328082]
Rotation in openCV Convention: 
 [[-2.23312402e-02  2.94145863e-01 -9.55499622e-01  0.00000000e+00]
 [ 9.99723971e-01 -4.09078692e-04 -2.34907523e-02  0.00000000e+00]
 [-7.30058216e-03 -9.55760453e-01 -2.94055535e-01  0.00000000e+00]
 [ 0.00000000e+00  0.00000000e+00  0.00000000e+00  1.00000000e+00]]
-----------------------------------
------------------------------------
Translation mean : 
[1.22253213 0.11776472 0.32424239]
()
Rotation mean : 
[-0.1487144   0.00194923  0.9888104  -0.01158513]
()
Current values
[1.2225321259193263, 0.11776471810281416, 0.32424239472134453]
[-0.14871440404203057, 0.0019492262703019825, 0.9888104020918205, -0.011585131090449272]
Quaternion in openCV Convention: 
 [ 0.56394445  0.57358036 -0.42681518 -0.41328082]
Rotation in openCV Convention: 
 [[-2.23312402e-02  2.94145863e-01 -9.55499622e-01  0.00000000e+00]
 [ 9.99723971e-01 -4.09078692e-04 -2.34907523e-02  0.00000000e+00]
 [-7.30058216e-03 -9.55760453e-01 -2.94055535e-01  0.00000000e+00]
 [ 0.00000000e+00  0.00000000e+00  0.00000000e+00  1.00000000e+00]]
-----------------------------------
------------------------------------
Translation mean : 
[1.22253213 0.11776472 0.32424239]
()
Rotation mean : 
[-0.1487144   0.00194923  0.9888104  -0.01158513]
()
Current values
[1.2225321259193263, 0.11776471810281416, 0.32424239472134453]
[-0.14871440404203057, 0.0019492262703019825, 0.9888104020918205, -0.011585131090449272]
Quaternion in openCV Convention: 
 [ 0.56394445  0.57358036 -0.42681518 -0.41328082]
Rotation in openCV Convention: 
 [[-2.23312402e-02  2.94145863e-01 -9.55499622e-01  0.00000000e+00]
 [ 9.99723971e-01 -4.09078692e-04 -2.34907523e-02  0.00000000e+00]
 [-7.30058216e-03 -9.55760453e-01 -2.94055535e-01  0.00000000e+00]
 [ 0.00000000e+00  0.00000000e+00  0.00000000e+00  1.00000000e+00]]
-----------------------------------
------------------------------------
Translation mean : 
[1.22253213 0.11776472 0.32424239]
()
Rotation mean : 
[-0.1487144   0.00194923  0.9888104  -0.01158513]
()
Current values
[1.2225321259193263, 0.11776471810281416, 0.32424239472134453]
[-0.14871440404203057, 0.0019492262703019825, 0.9888104020918205, -0.011585131090449272]
Quaternion in openCV Convention: 
 [ 0.56394445  0.57358036 -0.42681518 -0.41328082]
Rotation in openCV Convention: 
 [[-2.23312402e-02  2.94145863e-01 -9.55499622e-01  0.00000000e+00]
 [ 9.99723971e-01 -4.09078692e-04 -2.34907523e-02  0.00000000e+00]
 [-7.30058216e-03 -9.55760453e-01 -2.94055535e-01  0.00000000e+00]
 [ 0.00000000e+00  0.00000000e+00  0.00000000e+00  1.00000000e+00]]
-----------------------------------
------------------------------------
Translation mean : 
[1.22253213 0.11776472 0.32424239]
()
Rotation mean : 
[-0.1487144   0.00194923  0.9888104  -0.01158513]
()
Current values
[1.2225321259193263, 0.11776471810281416, 0.32424239472134453]
[-0.14871440404203057, 0.0019492262703019825, 0.9888104020918205, -0.011585131090449272]
Quaternion in openCV Convention: 
 [ 0.56394445  0.57358036 -0.42681518 -0.41328082]
Rotation in openCV Convention: 
 [[-2.23312402e-02  2.94145863e-01 -9.55499622e-01  0.00000000e+00]
 [ 9.99723971e-01 -4.09078692e-04 -2.34907523e-02  0.00000000e+00]
 [-7.30058216e-03 -9.55760453e-01 -2.94055535e-01  0.00000000e+00]
 [ 0.00000000e+00  0.00000000e+00  0.00000000e+00  1.00000000e+00]]
-----------------------------------
------------------------------------
Translation mean : 
[1.22253213 0.11776472 0.32424239]
()
Rotation mean : 
[-0.1487144   0.00194923  0.9888104  -0.01158513]
()
Current values
[1.2225321259193263, 0.11776471810281416, 0.32424239472134453]
[-0.14871440404203057, 0.0019492262703019825, 0.9888104020918205, -0.011585131090449272]
Quaternion in openCV Convention: 
 [ 0.56394445  0.57358036 -0.42681518 -0.41328082]
Rotation in openCV Convention: 
 [[-2.23312402e-02  2.94145863e-01 -9.55499622e-01  0.00000000e+00]
 [ 9.99723971e-01 -4.09078692e-04 -2.34907523e-02  0.00000000e+00]
 [-7.30058216e-03 -9.55760453e-01 -2.94055535e-01  0.00000000e+00]
 [ 0.00000000e+00  0.00000000e+00  0.00000000e+00  1.00000000e+00]]
-----------------------------------
------------------------------------
Translation mean : 
[1.22253213 0.11776472 0.32424239]
()
Rotation mean : 
[-0.1487144   0.00194923  0.9888104  -0.01158513]
()
Current values
[1.2225321259193263, 0.11776471810281416, 0.32424239472134453]
[-0.14871440404203057, 0.0019492262703019825, 0.9888104020918205, -0.011585131090449272]
Quaternion in openCV Convention: 
 [ 0.56394445  0.57358036 -0.42681518 -0.41328082]
Rotation in openCV Convention: 
 [[-2.23312402e-02  2.94145863e-01 -9.55499622e-01  0.00000000e+00]
 [ 9.99723971e-01 -4.09078692e-04 -2.34907523e-02  0.00000000e+00]
 [-7.30058216e-03 -9.55760453e-01 -2.94055535e-01  0.00000000e+00]
 [ 0.00000000e+00  0.00000000e+00  0.00000000e+00  1.00000000e+00]]
-----------------------------------
------------------------------------
Translation mean : 
[1.22253213 0.11776472 0.32424239]
()
Rotation mean : 
[-0.1487144   0.00194923  0.9888104  -0.01158513]
()
Current values
[1.2225321259193263, 0.11776471810281416, 0.32424239472134453]
[-0.14871440404203057, 0.0019492262703019825, 0.9888104020918205, -0.011585131090449272]
Quaternion in openCV Convention: 
 [ 0.56394445  0.57358036 -0.42681518 -0.41328082]
Rotation in openCV Convention: 
 [[-2.23312402e-02  2.94145863e-01 -9.55499622e-01  0.00000000e+00]
 [ 9.99723971e-01 -4.09078692e-04 -2.34907523e-02  0.00000000e+00]
 [-7.30058216e-03 -9.55760453e-01 -2.94055535e-01  0.00000000e+00]
 [ 0.00000000e+00  0.00000000e+00  0.00000000e+00  1.00000000e+00]]
-----------------------------------
------------------------------------
Translation mean : 
[1.22253213 0.11776472 0.32424239]
()
Rotation mean : 
[-0.1487144   0.00194923  0.9888104  -0.01158513]
()
Current values
[1.2225321259193263, 0.11776471810281416, 0.32424239472134453]
[-0.14871440404203057, 0.0019492262703019825, 0.9888104020918205, -0.011585131090449272]
Quaternion in openCV Convention: 
 [ 0.56394445  0.57358036 -0.42681518 -0.41328082]
Rotation in openCV Convention: 
 [[-2.23312402e-02  2.94145863e-01 -9.55499622e-01  0.00000000e+00]
 [ 9.99723971e-01 -4.09078692e-04 -2.34907523e-02  0.00000000e+00]
 [-7.30058216e-03 -9.55760453e-01 -2.94055535e-01  0.00000000e+00]
 [ 0.00000000e+00  0.00000000e+00  0.00000000e+00  1.00000000e+00]]
-----------------------------------
------------------------------------
Translation mean : 
[1.22253213 0.11776472 0.32424239]
()
Rotation mean : 
[-0.1487144   0.00194923  0.9888104  -0.01158513]
()
Current values
[1.2225321259193263, 0.11776471810281416, 0.32424239472134453]
[-0.14871440404203057, 0.0019492262703019825, 0.9888104020918205, -0.011585131090449272]
Quaternion in openCV Convention: 
 [ 0.56394445  0.57358036 -0.42681518 -0.41328082]
Rotation in openCV Convention: 
 [[-2.23312402e-02  2.94145863e-01 -9.55499622e-01  0.00000000e+00]
 [ 9.99723971e-01 -4.09078692e-04 -2.34907523e-02  0.00000000e+00]
 [-7.30058216e-03 -9.55760453e-01 -2.94055535e-01  0.00000000e+00]
 [ 0.00000000e+00  0.00000000e+00  0.00000000e+00  1.00000000e+00]]
-----------------------------------
------------------------------------
Translation mean : 
[1.22253213 0.11776472 0.32424239]
()
Rotation mean : 
[-0.1487144   0.00194923  0.9888104  -0.01158513]
()
Current values
[1.2225321259193263, 0.11776471810281416, 0.32424239472134453]
[-0.14871440404203057, 0.0019492262703019825, 0.9888104020918205, -0.011585131090449272]
Quaternion in openCV Convention: 
 [ 0.56394445  0.57358036 -0.42681518 -0.41328082]
Rotation in openCV Convention: 
 [[-2.23312402e-02  2.94145863e-01 -9.55499622e-01  0.00000000e+00]
 [ 9.99723971e-01 -4.09078692e-04 -2.34907523e-02  0.00000000e+00]
 [-7.30058216e-03 -9.55760453e-01 -2.94055535e-01  0.00000000e+00]
 [ 0.00000000e+00  0.00000000e+00  0.00000000e+00  1.00000000e+00]]
-----------------------------------
------------------------------------
Translation mean : 
[1.22253213 0.11776472 0.32424239]
()
Rotation mean : 
[-0.1487144   0.00194923  0.9888104  -0.01158513]
()
Current values
[1.2225321259193263, 0.11776471810281416, 0.32424239472134453]
[-0.14871440404203057, 0.0019492262703019825, 0.9888104020918205, -0.011585131090449272]
Quaternion in openCV Convention: 
 [ 0.56394445  0.57358036 -0.42681518 -0.41328082]
Rotation in openCV Convention: 
 [[-2.23312402e-02  2.94145863e-01 -9.55499622e-01  0.00000000e+00]
 [ 9.99723971e-01 -4.09078692e-04 -2.34907523e-02  0.00000000e+00]
 [-7.30058216e-03 -9.55760453e-01 -2.94055535e-01  0.00000000e+00]
 [ 0.00000000e+00  0.00000000e+00  0.00000000e+00  1.00000000e+00]]
-----------------------------------
------------------------------------
Translation mean : 
[1.22253213 0.11776472 0.32424239]
()
Rotation mean : 
[-0.1487144   0.00194923  0.9888104  -0.01158513]
()
Current values
[1.2225321259193263, 0.11776471810281416, 0.32424239472134453]
[-0.14871440404203057, 0.0019492262703019825, 0.9888104020918205, -0.011585131090449272]
Quaternion in openCV Convention: 
 [ 0.56394445  0.57358036 -0.42681518 -0.41328082]
Rotation in openCV Convention: 
 [[-2.23312402e-02  2.94145863e-01 -9.55499622e-01  0.00000000e+00]
 [ 9.99723971e-01 -4.09078692e-04 -2.34907523e-02  0.00000000e+00]
 [-7.30058216e-03 -9.55760453e-01 -2.94055535e-01  0.00000000e+00]
 [ 0.00000000e+00  0.00000000e+00  0.00000000e+00  1.00000000e+00]]
