------------------------------------
Translation mean : 
[1.22244155 0.09936441 0.3241014 ]
()
Rotation mean : 
[-0.14805308  0.00203431  0.98894287 -0.00825479]
()
Current values
[1.222441553254928, 0.09936440725549973, 0.3241014010530425]
[-0.1480530807979281, 0.002034306871407224, 0.9889428726106876, -0.008254790991678971]
Quaternion in openCV Convention: 
 [ 0.56538773  0.57160822 -0.42558944 -0.41530035]
Rotation in openCV Convention: 
 [[-0.01572466  0.29286566 -0.95602429  0.        ]
 [ 0.99985544 -0.00157933 -0.0169294   0.        ]
 [-0.00646792 -0.95615229 -0.29279849  0.        ]
 [ 0.          0.          0.          1.        ]]
-----------------------------------
------------------------------------
Translation mean : 
[1.22244155 0.09936441 0.3241014 ]
()
Rotation mean : 
[-0.14805308  0.00203431  0.98894287 -0.00825479]
()
Current values
[1.222441553254928, 0.09936440725549973, 0.3241014010530425]
[-0.1480530807979281, 0.002034306871407224, 0.9889428726106876, -0.008254790991678971]
Quaternion in openCV Convention: 
 [ 0.56538773  0.57160822 -0.42558944 -0.41530035]
Rotation in openCV Convention: 
 [[-0.01572466  0.29286566 -0.95602429  0.        ]
 [ 0.99985544 -0.00157933 -0.0169294   0.        ]
 [-0.00646792 -0.95615229 -0.29279849  0.        ]
 [ 0.          0.          0.          1.        ]]
-----------------------------------
------------------------------------
Translation mean : 
[1.22244155 0.09936441 0.3241014 ]
()
Rotation mean : 
[-0.14805308  0.00203431  0.98894287 -0.00825479]
()
Current values
[1.222441553254928, 0.09936440725549973, 0.3241014010530425]
[-0.1480530807979281, 0.002034306871407224, 0.9889428726106876, -0.008254790991678971]
Quaternion in openCV Convention: 
 [ 0.56538773  0.57160822 -0.42558944 -0.41530035]
Rotation in openCV Convention: 
 [[-0.01572466  0.29286566 -0.95602429  0.        ]
 [ 0.99985544 -0.00157933 -0.0169294   0.        ]
 [-0.00646792 -0.95615229 -0.29279849  0.        ]
 [ 0.          0.          0.          1.        ]]
-----------------------------------
------------------------------------
Translation mean : 
[1.22244095 0.09936209 0.32409546]
()
Rotation mean : 
[-0.14805308  0.00203431  0.98894287 -0.00825479]
()
Current values
[1.2224391529239287, 0.09935513484878405, 0.3240776487514594]
[-0.1480530807979281, 0.002034306871407224, 0.9889428726106876, -0.008254790991678971]
Quaternion in openCV Convention: 
 [ 0.56538773  0.57160822 -0.42558944 -0.41530035]
Rotation in openCV Convention: 
 [[-0.01572466  0.29286566 -0.95602429  0.        ]
 [ 0.99985544 -0.00157933 -0.0169294   0.        ]
 [-0.00646792 -0.95615229 -0.29279849  0.        ]
 [ 0.          0.          0.          1.        ]]
-----------------------------------
------------------------------------
Translation mean : 
[1.22246303 0.09936661 0.3241547 ]
()
Rotation mean : 
[-0.1481      0.00202466  0.98893508 -0.00834607]
()
Current values
[1.2225513498362641, 0.09938469973964927, 0.3243916615479239]
[-0.14828768917993593, 0.0019860934064095752, 0.9889039044559346, -0.008711166538597152]
Quaternion in openCV Convention: 
 [ 0.56535684  0.57167824 -0.4256029  -0.41523217]
Rotation in openCV Convention: 
 [[-0.01590773  0.29295638 -0.95599346  0.        ]
 [ 0.99985249 -0.00153242 -0.01710714  0.        ]
 [-0.00647663 -0.95612458 -0.29288879  0.        ]
 [ 0.          0.          0.          1.        ]]
-----------------------------------
------------------------------------
Translation mean : 
[1.22245283 0.09938009 0.32423565]
()
Rotation mean : 
[-0.14816846  0.00205818  0.98892413 -0.00841742]
()
Current values
[1.2224018006676216, 0.09944749562736846, 0.324640369594298]
[-0.1485107757751742, 0.0022257831043152555, 0.9888693590705273, -0.008774170027592546]
Quaternion in openCV Convention: 
 [ 0.56536668  0.57172591 -0.42561563 -0.41514003]
Rotation in openCV Convention: 
 [[-0.01603846  0.29308941 -0.9559505   0.        ]
 [ 0.99984982 -0.00157638 -0.01725829  0.        ]
 [-0.00656517 -0.95608374 -0.29302012  0.        ]
 [ 0.          0.          0.          1.        ]]
-----------------------------------
------------------------------------
Translation mean : 
[1.22243668 0.09939301 0.32430505]
()
Rotation mean : 
[-0.14822853  0.00209561  0.98891458 -0.00846961]
()
Current values
[1.2223398290108485, 0.09947049204907739, 0.32472146702927873]
[-0.14858892112052588, 0.0023201339209845215, 0.9888573268434201, -0.008782747116505861]
Quaternion in openCV Convention: 
 [ 0.56538456  0.57175856 -0.42562563 -0.41506042]
Rotation in openCV Convention: 
 [[-0.01613018  0.29320624 -0.95591313  0.        ]
 [ 0.99984775 -0.00163387 -0.01737269  0.        ]
 [-0.00665563 -0.95604782 -0.29313525  0.        ]
 [ 0.          0.          0.          1.        ]]
-----------------------------------
------------------------------------
Translation mean : 
[1.22242645 0.09940386 0.3243585 ]
()
Rotation mean : 
[-0.14827416  0.00211974  0.98890735 -0.00850806]
()
Current values
[1.222354820071336, 0.09947983010429258, 0.3247326760631073]
[-0.14859357510179252, 0.0022886907280480614, 0.9888567499305455, -0.00877721197290144]
Quaternion in openCV Convention: 
 [ 0.5653966   0.57178492 -0.4256305  -0.4150027 ]
Rotation in openCV Convention: 
 [[-0.01619876  0.29329493 -0.95588477  0.        ]
 [ 0.99984624 -0.00166941 -0.01745597  0.        ]
 [-0.00671551 -0.95602055 -0.29322279  0.        ]
 [ 0.          0.          0.          1.        ]]
-----------------------------------
------------------------------------
Translation mean : 
[1.22241858 0.09941236 0.32440015]
()
Rotation mean : 
[-0.14830968  0.00213832  0.98890173 -0.00853793]
()
Current values
[1.222355632538798, 0.09948033619697559, 0.32473328355683834]
[-0.14859382732825038, 0.0022869866076345967, 0.9888567186343002, -0.008776911985585913]
Quaternion in openCV Convention: 
 [ 0.5654059   0.57180551 -0.42563415 -0.4149579 ]
Rotation in openCV Convention: 
 [[-0.01625208  0.29336395 -0.95586268  0.        ]
 [ 0.99984506 -0.00169667 -0.01752062  0.        ]
 [-0.0067617  -0.95599933 -0.29329092  0.        ]
 [ 0.          0.          0.          1.        ]]
-----------------------------------
------------------------------------
Translation mean : 
[1.22241769 0.09942999 0.32442347]
()
Rotation mean : 
[-0.14832884  0.00215744  0.98889854 -0.00856884]
()
Current values
[1.2224097046647844, 0.09958873804145854, 0.3246334010011624]
[-0.14850127719923334, 0.002329438385554913, 0.9888698978652491, -0.008847004180855267]
Quaternion in openCV Convention: 
 [ 0.56540799  0.57181939 -0.42564799 -0.41492172]
Rotation in openCV Convention: 
 [[-0.0163074   0.29340136 -0.95585025  0.        ]
 [ 0.99984384 -0.00172496 -0.01758744  0.        ]
 [-0.00680898 -0.9559878  -0.29332741  0.        ]
 [ 0.          0.          0.          1.        ]]
-----------------------------------
------------------------------------
Translation mean : 
[1.22241327 0.09943547 0.32445525]
()
Rotation mean : 
[-0.14835532  0.0021734   0.98889438 -0.00858715]
()
Current values
[1.2223689884366515, 0.09949017439816493, 0.3247730919862566]
[-0.14862009667012793, 0.0023330391716906225, 0.988852721961327, -0.008770294388433002]
Quaternion in openCV Convention: 
 [ 0.56541797  0.57183172 -0.42564981 -0.41488926]
Rotation in openCV Convention: 
 [[-0.0163387   0.29345285 -0.95583392  0.        ]
 [ 0.99984307 -0.00175063 -0.01762845  0.        ]
 [-0.00684643 -0.95597195 -0.29337819  0.        ]
 [ 0.          0.          0.          1.        ]]
-----------------------------------
------------------------------------
Translation mean : 
[1.22240958 0.09944002 0.32448174]
()
Rotation mean : 
[-0.14837738  0.0021867   0.98889091 -0.00860241]
()
Current values
[1.2223689884366515, 0.09949017439816493, 0.3247730919862566]
[-0.14862009667012793, 0.0023330391716906225, 0.988852721961327, -0.008770294388433002]
Quaternion in openCV Convention: 
 [ 0.56542629  0.571842   -0.42565132 -0.4148622 ]
Rotation in openCV Convention: 
 [[-0.01636479  0.29349575 -0.9558203   0.        ]
 [ 0.99984243 -0.00177201 -0.01766261  0.        ]
 [-0.00687763 -0.95595874 -0.29342051  0.        ]
 [ 0.          0.          0.          1.        ]]
-----------------------------------
------------------------------------
Translation mean : 
[1.22241372 0.09945679 0.32449627]
()
Rotation mean : 
[-0.1483873   0.0022021   0.98888919 -0.00862478]
()
Current values
[1.2224634087097377, 0.099657936432329, 0.324670573731627]
[-0.14850633470337643, 0.0023868580891377223, 0.9888685872867051, -0.008893173731978864]
Quaternion in openCV Convention: 
 [ 0.56542691  0.57184959 -0.42566438 -0.41483751]
Rotation in openCV Convention: 
 [[-0.01640438  0.29351522 -0.95581364  0.        ]
 [ 0.99984153 -0.00179565 -0.01771143  0.        ]
 [-0.00691488 -0.95595271 -0.29343925  0.        ]
 [ 0.          0.          0.          1.        ]]
-----------------------------------
------------------------------------
Translation mean : 
[1.22241727 0.09947116 0.32450872]
()
Rotation mean : 
[-0.1483958   0.0022153   0.98888772 -0.00864395]
()
Current values
[1.2224634087097377, 0.099657936432329, 0.324670573731627]
[-0.14850633470337643, 0.0023868580891377223, 0.9888685872867051, -0.008893173731978864]
Quaternion in openCV Convention: 
 [ 0.56542743  0.57185609 -0.42567558 -0.41481633]
Rotation in openCV Convention: 
 [[-0.01643831  0.29353191 -0.95580793  0.        ]
 [ 0.99984075 -0.00181591 -0.01775328  0.        ]
 [-0.00694681 -0.95594755 -0.29345532  0.        ]
 [ 0.          0.          0.          1.        ]]
-----------------------------------
------------------------------------
Translation mean : 
[1.22242034 0.09948361 0.32451951]
()
Rotation mean : 
[-0.14840317  0.00222673  0.98888644 -0.00866057]
()
Current values
[1.2224634087097377, 0.099657936432329, 0.324670573731627]
[-0.14850633470337643, 0.0023868580891377223, 0.9888685872867051, -0.008893173731978864]
Quaternion in openCV Convention: 
 [ 0.56542789  0.57186172 -0.42568529 -0.41479799]
Rotation in openCV Convention: 
 [[-0.01646773  0.29354638 -0.95580298  0.        ]
 [ 0.99984007 -0.00183346 -0.01778954  0.        ]
 [-0.00697449 -0.95594307 -0.29346924  0.        ]
 [ 0.          0.          0.          1.        ]]
-----------------------------------
------------------------------------
Translation mean : 
[1.22242075 0.09948498 0.32453768]
()
Rotation mean : 
[-0.14841741  0.00223565  0.98888424 -0.00866668]
()
Current values
[1.222426843431239, 0.09950550973865738, 0.32481031347155115]
[-0.14863095315239305, 0.002369315906646131, 0.9888511098337843, -0.008758349595626061]
Quaternion in openCV Convention: 
 [ 0.56543531  0.57186634 -0.42568457 -0.41478225]
Rotation in openCV Convention: 
 [[-0.01647707  0.29357406 -0.95579432  0.        ]
 [ 0.99983978 -0.00184902 -0.0178043   0.        ]
 [-0.00699416 -0.95593454 -0.29349656  0.        ]
 [ 0.          0.          0.          1.        ]]
-----------------------------------
------------------------------------
Translation mean : 
[1.22241999 0.09948961 0.32454838]
()
Rotation mean : 
[-0.14842617  0.00224215  0.98888283 -0.00867557]
()
Current values
[1.2224078311586994, 0.09956375090480372, 0.3247195833635099]
[-0.14856628884866455, 0.0023462205805449155, 0.9888603535604891, -0.00881783550238258]
Quaternion in openCV Convention: 
 [ 0.56543779  0.57187121 -0.42568719 -0.41476947]
Rotation in openCV Convention: 
 [[-0.01649266  0.29359112 -0.95578881  0.        ]
 [ 0.99983941 -0.00185908 -0.01782383  0.        ]
 [-0.00700981 -0.95592929 -0.29351331  0.        ]
 [ 0.          0.          0.          1.        ]]
-----------------------------------
------------------------------------
Translation mean : 
[1.22241931 0.09949373 0.32455789]
()
Rotation mean : 
[-0.14843395  0.00224793  0.98888158 -0.00868347]
()
Current values
[1.2224078311586994, 0.09956375090480372, 0.3247195833635099]
[-0.14856628884866455, 0.0023462205805449155, 0.9888603535604891, -0.00881783550238258]
Quaternion in openCV Convention: 
 [ 0.56544     0.57187554 -0.42568952 -0.41475811]
Rotation in openCV Convention: 
 [[-0.01650652  0.29360628 -0.95578391  0.        ]
 [ 0.99983909 -0.00186803 -0.01784119  0.        ]
 [-0.00702372 -0.95592461 -0.2935282   0.        ]
 [ 0.          0.          0.          1.        ]]
-----------------------------------
------------------------------------
Translation mean : 
[1.22241871 0.09949741 0.3245664 ]
()
Rotation mean : 
[-0.14844092  0.0022531   0.98888046 -0.00869054]
()
Current values
[1.2224078311586994, 0.09956375090480372, 0.3247195833635099]
[-0.14856628884866455, 0.0023462205805449155, 0.9888603535604891, -0.00881783550238258]
Quaternion in openCV Convention: 
 [ 0.56544197  0.57187941 -0.4256916  -0.41474795]
Rotation in openCV Convention: 
 [[-0.01651892  0.29361984 -0.95577953  0.        ]
 [ 0.9998388  -0.00187604 -0.01785673  0.        ]
 [-0.00703617 -0.95592043 -0.29354152  0.        ]
 [ 0.          0.          0.          1.        ]]
-----------------------------------
------------------------------------
Translation mean : 
[1.22241817 0.09950073 0.32457406]
()
Rotation mean : 
[-0.14844718  0.00225776  0.98887946 -0.00869691]
()
Current values
[1.2224078311586994, 0.09956375090480372, 0.3247195833635099]
[-0.14856628884866455, 0.0023462205805449155, 0.9888603535604891, -0.00881783550238258]
Quaternion in openCV Convention: 
 [ 0.56544375  0.5718829  -0.42569347 -0.4147388 ]
Rotation in openCV Convention: 
 [[-0.01653007  0.29363205 -0.95577559  0.        ]
 [ 0.99983853 -0.00188324 -0.01787071  0.        ]
 [-0.00704737 -0.95591667 -0.29355351  0.        ]
 [ 0.          0.          0.          1.        ]]
-----------------------------------
------------------------------------
Translation mean : 
[1.2224157  0.09950416 0.32458598]
()
Rotation mean : 
[-0.14845733  0.00226377  0.98887787 -0.0087025 ]
()
Current values
[1.2223663630600816, 0.09957269096291312, 0.32482435370613494]
[-0.14866013335395745, 0.002383928016767869, 0.9888461911987027, -0.008814294652099828]
Quaternion in openCV Convention: 
 [ 0.56544823  0.57188697 -0.42569341 -0.41472714]
Rotation in openCV Convention: 
 [[-0.01653927  0.29365176 -0.95576937  0.        ]
 [ 0.99983828 -0.00189328 -0.01788356  0.        ]
 [-0.00706108 -0.95591059 -0.29357296  0.        ]
 [ 0.          0.          0.          1.        ]]
-----------------------------------
------------------------------------
Translation mean : 
[1.22241647 0.09950608 0.32459498]
()
Rotation mean : 
[-0.14846436  0.00226739  0.98887677 -0.00870714]
()
Current values
[1.2224326564536934, 0.09954635773215831, 0.32478393586032617]
[-0.14861213625411715, 0.0023435199957218145, 0.9888535885929932, -0.008804612358131571]
Quaternion in openCV Convention: 
 [ 0.56545069  0.57189044 -0.42569347 -0.41471894]
Rotation in openCV Convention: 
 [[-0.01654732  0.29366544 -0.95576503  0.        ]
 [ 0.99983809 -0.00189895 -0.01789383  0.        ]
 [-0.00706975 -0.95590638 -0.29358647  0.        ]
 [ 0.          0.          0.          1.        ]]
-----------------------------------
------------------------------------
Translation mean : 
[1.22241673 0.09950525 0.32460231]
()
Rotation mean : 
[-0.14847011  0.00227063  0.98887589 -0.00870872]
()
Current values
[1.222422534290798, 0.099487073543436, 0.32476366044365046]
[-0.14859651360116063, 0.002341764405908218, 0.9888564832900296, -0.008743439844986649]
Quaternion in openCV Convention: 
 [ 0.56545395  0.57189204 -0.42569256 -0.41471322]
Rotation in openCV Convention: 
 [[-0.01654944  0.2936766  -0.95576157  0.        ]
 [ 0.999838   -0.00190477 -0.01789793  0.        ]
 [-0.00707671 -0.95590294 -0.2935975   0.        ]
 [ 0.          0.          0.          1.        ]]
-----------------------------------
------------------------------------
Translation mean : 
[1.2224184  0.09950699 0.32460728]
()
Rotation mean : 
[-0.14847349  0.00227335  0.98887534 -0.0087129 ]
()
Current values
[1.2224567485352265, 0.0995469508165676, 0.32472146368222843]
[-0.1485511979392073, 0.002336093324828493, 0.9888627226263408, -0.008809089557110373]
Quaternion in openCV Convention: 
 [ 0.56545464  0.57189419 -0.42569405 -0.4147078 ]
Rotation in openCV Convention: 
 [[-0.01655688  0.29368318 -0.95575941  0.        ]
 [ 0.99983783 -0.00190886 -0.01790701  0.        ]
 [-0.0070834  -0.95590091 -0.29360395  0.        ]
 [ 0.          0.          0.          1.        ]]
-----------------------------------
------------------------------------
Translation mean : 
[1.22241631 0.09950798 0.32460577]
()
Rotation mean : 
[-0.14847312  0.00227542  0.98887536 -0.0087161 ]
()
Current values
[1.2223661183601309, 0.09953181281366101, 0.32456962755674873]
[-0.14846442746548466, 0.002325093641753895, 0.988875923393411, -0.008792943177997115]
Quaternion in openCV Convention: 
 [ 0.5654539   0.57189458 -0.42569688 -0.41470536]
Rotation in openCV Convention: 
 [[-0.0165626   0.29368252 -0.95575952  0.        ]
 [ 0.9998377  -0.00191201 -0.01791396  0.        ]
 [-0.00708844 -0.9559011  -0.29360319  0.        ]
 [ 0.          0.          0.          1.        ]]
-----------------------------------
------------------------------------
Translation mean : 
[1.22241594 0.0995066  0.32460912]
()
Rotation mean : 
[-0.14847595  0.00227729  0.98887493 -0.00871715]
()
Current values
[1.222406748742247, 0.09947215815391677, 0.32469278170307625]
[-0.1485466003767482, 0.0023238293932400372, 0.988864026132487, -0.008743291972142]
Quaternion in openCV Convention: 
 [ 0.56545551  0.57189537 -0.42569671 -0.41470227]
Rotation in openCV Convention: 
 [[-0.0165641   0.29368802 -0.9557578   0.        ]
 [ 0.99983765 -0.00191533 -0.01791658  0.        ]
 [-0.00709248 -0.95589941 -0.29360861  0.        ]
 [ 0.          0.          0.          1.        ]]
-----------------------------------
------------------------------------
Translation mean : 
[1.22241591 0.09950488 0.32461314]
()
Rotation mean : 
[-0.14847918  0.002279    0.98887443 -0.00871775]
()
Current values
[1.2224149500889026, 0.09946011670811461, 0.324717640682822]
[-0.14856318702063057, 0.002323574198801712, 0.988861623517102, -0.008733269739176455]
Quaternion in openCV Convention: 
 [ 0.56545744  0.57189618 -0.425696   -0.41469925]
Rotation in openCV Convention: 
 [[-0.01656474  0.2936943  -0.95575586  0.        ]
 [ 0.99983761 -0.00191848 -0.01791828  0.        ]
 [-0.0070961  -0.95589747 -0.29361482  0.        ]
 [ 0.          0.          0.          1.        ]]
-----------------------------------
------------------------------------
Translation mean : 
[1.22241687 0.09950531 0.32461735]
()
Rotation mean : 
[-0.14848212  0.00228097  0.98887397 -0.00871996]
()
Current values
[1.2224428126007831, 0.09951694933037504, 0.3247310074854227]
[-0.14856149729840162, 0.00233409801356192, 0.9888614413867776, -0.008779706452101407]
Quaternion in openCV Convention: 
 [ 0.56545855  0.57189754 -0.42569639 -0.41469546]
Rotation in openCV Convention: 
 [[-0.01656851  0.29370002 -0.95575404  0.        ]
 [ 0.99983752 -0.00192166 -0.01792325  0.        ]
 [-0.0071007  -0.95589571 -0.29362046  0.        ]
 [ 0.          0.          0.          1.        ]]
-----------------------------------
------------------------------------
Translation mean : 
[1.22241771 0.09950571 0.32462123]
()
Rotation mean : 
[-0.14848485  0.0022828   0.98887354 -0.00872201]
()
Current values
[1.2224413416014768, 0.09951692102150402, 0.32472984103659297]
[-0.1485611710647621, 0.0023341654429854114, 0.988861491420749, -0.008779573377094117]
Quaternion in openCV Convention: 
 [ 0.56545959  0.5718988  -0.42569675 -0.41469194]
Rotation in openCV Convention: 
 [[-0.01657202  0.29370532 -0.95575235  0.        ]
 [ 0.99983743 -0.00192463 -0.01792786  0.        ]
 [-0.00710498 -0.95589407 -0.29362568  0.        ]
 [ 0.          0.          0.          1.        ]]
-----------------------------------
------------------------------------
Translation mean : 
[1.2224185  0.09950609 0.32462485]
()
Rotation mean : 
[-0.14848739  0.00228451  0.98887314 -0.00872393]
()
Current values
[1.2224413416014768, 0.09951692102150402, 0.32472984103659297]
[-0.1485611710647621, 0.0023341654429854114, 0.988861491420749, -0.008779573377094117]
Quaternion in openCV Convention: 
 [ 0.56546056  0.57189997 -0.4256971  -0.41468865]
Rotation in openCV Convention: 
 [[-0.01657528  0.29371027 -0.95575077  0.        ]
 [ 0.99983735 -0.0019274  -0.01793217  0.        ]
 [-0.00710898 -0.95589255 -0.29363055  0.        ]
 [ 0.          0.          0.          1.        ]]
-----------------------------------
------------------------------------
Translation mean : 
[1.22241923 0.09950644 0.32462823]
()
Rotation mean : 
[-0.14848977  0.00228612  0.98887276 -0.00872573]
()
Current values
[1.2224413416014768, 0.09951692102150402, 0.32472984103659297]
[-0.1485611710647621, 0.0023341654429854114, 0.988861491420749, -0.008779573377094117]
Quaternion in openCV Convention: 
 [ 0.56546146  0.57190107 -0.42569742 -0.41468557]
Rotation in openCV Convention: 
 [[-0.01657834  0.2937149  -0.9557493   0.        ]
 [ 0.99983727 -0.00192999 -0.0179362   0.        ]
 [-0.00711272 -0.95589112 -0.29363511  0.        ]
 [ 0.          0.          0.          1.        ]]
-----------------------------------
------------------------------------
Translation mean : 
[1.22241993 0.09950676 0.32463141]
()
Rotation mean : 
[-0.148492    0.00228762  0.98887241 -0.00872741]
()
Current values
[1.2224413416014768, 0.09951692102150402, 0.32472984103659297]
[-0.1485611710647621, 0.0023341654429854114, 0.988861491420749, -0.008779573377094117]
Quaternion in openCV Convention: 
 [ 0.56546231  0.5719021  -0.42569772 -0.41468269]
Rotation in openCV Convention: 
 [[-0.01658121  0.29371924 -0.95574791  0.        ]
 [ 0.9998372  -0.00193242 -0.01793998  0.        ]
 [-0.00711623 -0.95588978 -0.29363938  0.        ]
 [ 0.          0.          0.          1.        ]]
-----------------------------------
------------------------------------
Translation mean : 
[1.22242057 0.09950707 0.32463439]
()
Rotation mean : 
[-0.1484941   0.00228903  0.98887208 -0.00872899]
()
Current values
[1.2224413416014768, 0.09951692102150402, 0.32472984103659297]
[-0.1485611710647621, 0.0023341654429854114, 0.988861491420749, -0.008779573377094117]
Quaternion in openCV Convention: 
 [ 0.56546311  0.57190307 -0.425698   -0.41467998]
Rotation in openCV Convention: 
 [[-0.0165839   0.29372332 -0.95574661  0.        ]
 [ 0.99983713 -0.00193471 -0.01794353  0.        ]
 [-0.00711952 -0.95588852 -0.2936434   0.        ]
 [ 0.          0.          0.          1.        ]]
-----------------------------------
------------------------------------
Translation mean : 
[1.22242119 0.09950736 0.3246372 ]
()
Rotation mean : 
[-0.14849607  0.00229036  0.98887177 -0.00873048]
()
Current values
[1.2224413416014768, 0.09951692102150402, 0.32472984103659297]
[-0.1485611710647621, 0.0023341654429854114, 0.988861491420749, -0.008779573377094117]
Quaternion in openCV Convention: 
 [ 0.56546386  0.57190398 -0.42569827 -0.41467743]
Rotation in openCV Convention: 
 [[-0.01658643  0.29372716 -0.95574539  0.        ]
 [ 0.99983707 -0.00193685 -0.01794687  0.        ]
 [-0.00712262 -0.95588734 -0.29364718  0.        ]
 [ 0.          0.          0.          1.        ]]
-----------------------------------
------------------------------------
Translation mean : 
[1.22242176 0.09950763 0.32463985]
()
Rotation mean : 
[-0.14849793  0.00229161  0.98887147 -0.00873188]
()
Current values
[1.2224413416014768, 0.09951692102150402, 0.32472984103659297]
[-0.1485611710647621, 0.0023341654429854114, 0.988861491420749, -0.008779573377094117]
Quaternion in openCV Convention: 
 [ 0.56546457  0.57190484 -0.42569852 -0.41467503]
Rotation in openCV Convention: 
 [[-0.01658882  0.29373078 -0.95574423  0.        ]
 [ 0.99983701 -0.00193888 -0.01795002  0.        ]
 [-0.00712554 -0.95588622 -0.29365074  0.        ]
 [ 0.          0.          0.          1.        ]]
-----------------------------------
------------------------------------
Translation mean : 
[1.22242231 0.09950789 0.32464235]
()
Rotation mean : 
[-0.14849969  0.00229279  0.9888712  -0.00873321]
()
Current values
[1.2224413416014768, 0.09951692102150402, 0.32472984103659297]
[-0.1485611710647621, 0.0023341654429854114, 0.988861491420749, -0.008779573377094117]
Quaternion in openCV Convention: 
 [ 0.56546523  0.57190565 -0.42569875 -0.41467276]
Rotation in openCV Convention: 
 [[-0.01659108  0.2937342  -0.95574314  0.        ]
 [ 0.99983695 -0.00194079 -0.01795299  0.        ]
 [-0.0071283  -0.95588517 -0.2936541   0.        ]
 [ 0.          0.          0.          1.        ]]
-----------------------------------
------------------------------------
Translation mean : 
[1.22242282 0.09950814 0.32464471]
()
Rotation mean : 
[-0.14850135  0.00229391  0.98887094 -0.00873446]
()
Current values
[1.2224413416014768, 0.09951692102150402, 0.32472984103659297]
[-0.1485611710647621, 0.0023341654429854114, 0.988861491420749, -0.008779573377094117]
Quaternion in openCV Convention: 
 [ 0.56546587  0.57190642 -0.42569898 -0.41467061]
Rotation in openCV Convention: 
 [[-0.01659321  0.29373743 -0.95574211  0.        ]
 [ 0.99983689 -0.0019426  -0.0179558   0.        ]
 [-0.00713092 -0.95588417 -0.29365728  0.        ]
 [ 0.          0.          0.          1.        ]]
-----------------------------------
------------------------------------
Translation mean : 
[1.22242331 0.09950837 0.32464695]
()
Rotation mean : 
[-0.14850292  0.00229497  0.98887069 -0.00873565]
()
Current values
[1.2224413416014768, 0.09951692102150402, 0.32472984103659297]
[-0.1485611710647621, 0.0023341654429854114, 0.988861491420749, -0.008779573377094117]
Quaternion in openCV Convention: 
 [ 0.56546647  0.57190714 -0.42569919 -0.41466857]
Rotation in openCV Convention: 
 [[-0.01659523  0.29374049 -0.95574114  0.        ]
 [ 0.99983684 -0.00194431 -0.01795847  0.        ]
 [-0.00713339 -0.95588323 -0.2936603   0.        ]
 [ 0.          0.          0.          1.        ]]
-----------------------------------
------------------------------------
Translation mean : 
[1.22242377 0.09950859 0.32464908]
()
Rotation mean : 
[-0.14850442  0.00229597  0.98887045 -0.00873677]
()
Current values
[1.2224413416014768, 0.09951692102150402, 0.32472984103659297]
[-0.1485611710647621, 0.0023341654429854114, 0.988861491420749, -0.008779573377094117]
Quaternion in openCV Convention: 
 [ 0.56546703  0.57190783 -0.42569939 -0.41466664]
Rotation in openCV Convention: 
 [[-0.01659715  0.2937434  -0.95574021  0.        ]
 [ 0.99983679 -0.00194594 -0.017961    0.        ]
 [-0.00713574 -0.95588233 -0.29366316  0.        ]
 [ 0.          0.          0.          1.        ]]
-----------------------------------
------------------------------------
Translation mean : 
[1.22242421 0.09950879 0.3246511 ]
()
Rotation mean : 
[-0.14850584  0.00229693  0.98887023 -0.00873784]
()
Current values
[1.2224413416014768, 0.09951692102150402, 0.32472984103659297]
[-0.1485611710647621, 0.0023341654429854114, 0.988861491420749, -0.008779573377094117]
Quaternion in openCV Convention: 
 [ 0.56546757  0.57190849 -0.42569958 -0.41466481]
Rotation in openCV Convention: 
 [[-0.01659897  0.29374616 -0.95573933  0.        ]
 [ 0.99983675 -0.00194748 -0.0179634   0.        ]
 [-0.00713797 -0.95588148 -0.29366588  0.        ]
 [ 0.          0.          0.          1.        ]]
-----------------------------------
------------------------------------
Translation mean : 
[1.22242463 0.09950899 0.32465302]
()
Rotation mean : 
[-0.14850719  0.00229784  0.98887001 -0.00873886]
()
Current values
[1.2224413416014768, 0.09951692102150402, 0.32472984103659297]
[-0.1485611710647621, 0.0023341654429854114, 0.988861491420749, -0.008779573377094117]
Quaternion in openCV Convention: 
 [ 0.56546809  0.57190911 -0.42569976 -0.41466307]
Rotation in openCV Convention: 
 [[-0.01660071  0.29374879 -0.95573849  0.        ]
 [ 0.9998367  -0.00194895 -0.01796569  0.        ]
 [-0.00714009 -0.95588067 -0.29366846  0.        ]
 [ 0.          0.          0.          1.        ]]
-----------------------------------
------------------------------------
Translation mean : 
[1.22242502 0.09950918 0.32465485]
()
Rotation mean : 
[-0.14850847  0.0022987   0.98886981 -0.00873983]
()
Current values
[1.2224413416014768, 0.09951692102150402, 0.32472984103659297]
[-0.1485611710647621, 0.0023341654429854114, 0.988861491420749, -0.008779573377094117]
Quaternion in openCV Convention: 
 [ 0.56546858  0.57190971 -0.42569994 -0.4146614 ]
Rotation in openCV Convention: 
 [[-0.01660236  0.29375129 -0.9557377   0.        ]
 [ 0.99983666 -0.00195035 -0.01796786  0.        ]
 [-0.00714211 -0.9558799  -0.29367093  0.        ]
 [ 0.          0.          0.          1.        ]]
-----------------------------------
------------------------------------
Translation mean : 
[1.2224254  0.09950936 0.32465659]
()
Rotation mean : 
[-0.1485097   0.00229953  0.98886962 -0.00874075]
()
Current values
[1.2224413416014768, 0.09951692102150402, 0.32472984103659297]
[-0.1485611710647621, 0.0023341654429854114, 0.988861491420749, -0.008779573377094117]
Quaternion in openCV Convention: 
 [ 0.56546904  0.57191027 -0.4257001  -0.41465982]
Rotation in openCV Convention: 
 [[-0.01660393  0.29375367 -0.95573694  0.        ]
 [ 0.99983662 -0.00195169 -0.01796994  0.        ]
 [-0.00714404 -0.95587916 -0.29367327  0.        ]
 [ 0.          0.          0.          1.        ]]
-----------------------------------
------------------------------------
Translation mean : 
[1.22242577 0.09950953 0.32465825]
()
Rotation mean : 
[-0.14851087  0.00230031  0.98886943 -0.00874164]
()
Current values
[1.2224413416014768, 0.09951692102150402, 0.32472984103659297]
[-0.1485611710647621, 0.0023341654429854114, 0.988861491420749, -0.008779573377094117]
Quaternion in openCV Convention: 
 [ 0.56546949  0.57191081 -0.42570026 -0.41465831]
Rotation in openCV Convention: 
 [[-0.01660543  0.29375595 -0.95573621  0.        ]
 [ 0.99983658 -0.00195296 -0.01797192  0.        ]
 [-0.00714587 -0.95587846 -0.29367551  0.        ]
 [ 0.          0.          0.          1.        ]]
-----------------------------------
------------------------------------
Translation mean : 
[1.22242611 0.0995097  0.32465985]
()
Rotation mean : 
[-0.14851198  0.00230106  0.98886926 -0.00874248]
()
Current values
[1.2224413416014768, 0.09951692102150402, 0.32472984103659297]
[-0.1485611710647621, 0.0023341654429854114, 0.988861491420749, -0.008779573377094117]
Quaternion in openCV Convention: 
 [ 0.56546991  0.57191133 -0.42570041 -0.41465686]
Rotation in openCV Convention: 
 [[-0.01660687  0.29375812 -0.95573552  0.        ]
 [ 0.99983655 -0.00195418 -0.01797381  0.        ]
 [-0.00714763 -0.95587779 -0.29367765  0.        ]
 [ 0.          0.          0.          1.        ]]
-----------------------------------
------------------------------------
Translation mean : 
[1.22242644 0.09950985 0.32466137]
()
Rotation mean : 
[-0.14851305  0.00230178  0.98886909 -0.00874329]
()
Current values
[1.2224413416014768, 0.09951692102150402, 0.32472984103659297]
[-0.1485611710647621, 0.0023341654429854114, 0.988861491420749, -0.008779573377094117]
Quaternion in openCV Convention: 
 [ 0.56547032  0.57191182 -0.42570055 -0.41465548]
Rotation in openCV Convention: 
 [[-0.01660824  0.2937602  -0.95573485  0.        ]
 [ 0.99983651 -0.00195534 -0.01797562  0.        ]
 [-0.00714931 -0.95587715 -0.2936797   0.        ]
 [ 0.          0.          0.          1.        ]]
-----------------------------------
------------------------------------
Translation mean : 
[1.22242676 0.09951    0.32466282]
()
Rotation mean : 
[-0.14851408  0.00230247  0.98886893 -0.00874406]
()
Current values
[1.2224413416014768, 0.09951692102150402, 0.32472984103659297]
[-0.1485611710647621, 0.0023341654429854114, 0.988861491420749, -0.008779573377094117]
Quaternion in openCV Convention: 
 [ 0.56547071  0.57191229 -0.42570069 -0.41465416]
Rotation in openCV Convention: 
 [[-0.01660956  0.29376219 -0.95573422  0.        ]
 [ 0.99983648 -0.00195646 -0.01797735  0.        ]
 [-0.00715092 -0.95587653 -0.29368166  0.        ]
 [ 0.          0.          0.          1.        ]]
-----------------------------------
------------------------------------
Translation mean : 
[1.22242706 0.09951015 0.32466422]
()
Rotation mean : 
[-0.14851506  0.00230313  0.98886877 -0.0087448 ]
()
Current values
[1.2224413416014768, 0.09951692102150402, 0.32472984103659297]
[-0.1485611710647621, 0.0023341654429854114, 0.988861491420749, -0.008779573377094117]
Quaternion in openCV Convention: 
 [ 0.56547108  0.57191275 -0.42570082 -0.41465289]
Rotation in openCV Convention: 
 [[-0.01661082  0.2937641  -0.95573361  0.        ]
 [ 0.99983645 -0.00195753 -0.01797902  0.        ]
 [-0.00715246 -0.95587594 -0.29368354  0.        ]
 [ 0.          0.          0.          1.        ]]
-----------------------------------
------------------------------------
Translation mean : 
[1.22242736 0.09951029 0.32466556]
()
Rotation mean : 
[-0.148516    0.00230377  0.98886862 -0.00874551]
()
Current values
[1.2224413416014768, 0.09951692102150402, 0.32472984103659297]
[-0.1485611710647621, 0.0023341654429854114, 0.988861491420749, -0.008779573377094117]
Quaternion in openCV Convention: 
 [ 0.56547144  0.57191318 -0.42570095 -0.41465167]
Rotation in openCV Convention: 
 [[-0.01661202  0.29376594 -0.95573303  0.        ]
 [ 0.99983642 -0.00195855 -0.01798061  0.        ]
 [-0.00715394 -0.95587538 -0.29368534  0.        ]
 [ 0.          0.          0.          1.        ]]
-----------------------------------
------------------------------------
Translation mean : 
[1.22231838 0.09806282 0.32501162]
()
Rotation mean : 
[-0.1487227   0.00226262  0.98883488 -0.00887971]
()
Current values
[1.2169785838925928, 0.027136875899449006, 0.3419685425428181]
[-0.1588510986589085, 0.0002463775665461493, 0.987181539310047, -0.015455620285135637]
Quaternion in openCV Convention: 
 [ 0.56547025  0.57208734 -0.42562725 -0.41448493]
Rotation in openCV Convention: 
 [[-0.01688818  0.2941655  -0.95560528  0.        ]
 [ 0.99983206 -0.00183349 -0.0182342   0.        ]
 [-0.00711596 -0.95575274 -0.29408514  0.        ]
 [ 0.          0.          0.          1.        ]]
-----------------------------------
------------------------------------
Translation mean : 
[1.22221368 0.09667211 0.32534411]
()
Rotation mean : 
[-0.1489213   0.00222308  0.98880246 -0.00900865]
()
Current values
[1.2169785838925928, 0.027136875899449006, 0.3419685425428181]
[-0.1588510986589085, 0.0002463775665461493, 0.987181539310047, -0.015455620285135637]
Quaternion in openCV Convention: 
 [ 0.5654691   0.57225466 -0.42555645 -0.41432472]
Rotation in openCV Convention: 
 [[-0.01715352  0.29454932 -0.95548231  0.        ]
 [ 0.9998278  -0.00171323 -0.01847779  0.        ]
 [-0.00707959 -0.95563474 -0.29446922  0.        ]
 [ 0.          0.          0.          1.        ]]
-----------------------------------
------------------------------------
Translation mean : 
[1.222113   0.0953349  0.32566381]
()
Rotation mean : 
[-0.14911226  0.00218507  0.98877129 -0.00913263]
()
Current values
[1.2169785838925928, 0.027136875899449006, 0.3419685425428181]
[-0.1588510986589085, 0.0002463775665461493, 0.987181539310047, -0.015455620285135637]
Quaternion in openCV Convention: 
 [ 0.56546799  0.57241555 -0.42548837 -0.41417067]
Rotation in openCV Convention: 
 [[-0.01740867  0.29491831 -0.95536387  0.        ]
 [ 0.99982364 -0.00159751 -0.01871197  0.        ]
 [-0.00704471 -0.95552114 -0.29483849  0.        ]
 [ 0.          0.          0.          1.        ]]
-----------------------------------
------------------------------------
Translation mean : 
[1.22201613 0.09404814 0.32597144]
()
Rotation mean : 
[-0.14929601  0.00214849  0.9887413  -0.00925193]
()
Current values
[1.2169785838925928, 0.027136875899449006, 0.3419685425428181]
[-0.1588510986589085, 0.0002463775665461493, 0.987181539310047, -0.015455620285135637]
Quaternion in openCV Convention: 
 [ 0.56546693  0.57257037 -0.42542286 -0.41402243]
Rotation in openCV Convention: 
 [[-0.01765421  0.2952733  -0.95524971  0.        ]
 [ 0.99981957 -0.00148607 -0.01893727  0.        ]
 [-0.00701124 -0.95541168 -0.29519379  0.        ]
 [ 0.          0.          0.          1.        ]]
-----------------------------------
------------------------------------
Translation mean : 
[1.22192284 0.09280905 0.32626769]
()
Rotation mean : 
[-0.14947295  0.00211327  0.98871241 -0.00936681]
()
Current values
[1.2169785838925928, 0.027136875899449006, 0.3419685425428181]
[-0.1588510986589085, 0.0002463775665461493, 0.987181539310047, -0.015455620285135637]
Quaternion in openCV Convention: 
 [ 0.56546591  0.57271946 -0.42535977 -0.41387969]
Rotation in openCV Convention: 
 [[-0.01789066  0.29561508 -0.9551396   0.        ]
 [ 0.99981559 -0.00137868 -0.01915418  0.        ]
 [-0.00697909 -0.95530614 -0.2955359   0.        ]
 [ 0.          0.          0.          1.        ]]
-----------------------------------
------------------------------------
Translation mean : 
[1.22183294 0.09161501 0.32655316]
()
Rotation mean : 
[-0.14964346  0.00207932  0.98868458 -0.00947752]
()
Current values
[1.2169785838925928, 0.027136875899449006, 0.3419685425428181]
[-0.1588510986589085, 0.0002463775665461493, 0.987181539310047, -0.015455620285135637]
Quaternion in openCV Convention: 
 [ 0.56546492  0.57286312 -0.42529898 -0.41374213]
Rotation in openCV Convention: 
 [[-0.01811852  0.29594437 -0.95503332  0.        ]
 [ 0.9998117  -0.00127511 -0.01936317  0.        ]
 [-0.0069482  -0.95520433 -0.29586554  0.        ]
 [ 0.          0.          0.          1.        ]]
-----------------------------------
------------------------------------
Translation mean : 
[1.22174626 0.09046361 0.32682843]
()
Rotation mean : 
[-0.14980789  0.00204659  0.98865774 -0.00958427]
()
Current values
[1.2169785838925928, 0.027136875899449006, 0.3419685425428181]
[-0.1588510986589085, 0.0002463775665461493, 0.987181539310047, -0.015455620285135637]
Quaternion in openCV Convention: 
 [ 0.56546397  0.57300165 -0.42524036 -0.41360949]
Rotation in openCV Convention: 
 [[-0.01833826  0.29626185 -0.95493069  0.        ]
 [ 0.9998079  -0.00117518 -0.01956466  0.        ]
 [-0.00691848 -0.95510603 -0.29618339  0.        ]
 [ 0.          0.          0.          1.        ]]
-----------------------------------
------------------------------------
Translation mean : 
[1.22166262 0.08935262 0.32709405]
()
Rotation mean : 
[-0.14996654  0.00201501  0.98863184 -0.00968728]
()
Current values
[1.2169785838925928, 0.027136875899449006, 0.3419685425428181]
[-0.1588510986589085, 0.0002463775665461493, 0.987181539310047, -0.015455620285135637]
Quaternion in openCV Convention: 
 [ 0.56546306  0.57313532 -0.42518379 -0.41348151]
Rotation in openCV Convention: 
 [[-0.01855029  0.29656813 -0.95483152  0.        ]
 [ 0.99980419 -0.00107869 -0.01975905  0.        ]
 [-0.00688987 -0.95501109 -0.29649005  0.        ]
 [ 0.          0.          0.          1.        ]]
-----------------------------------
------------------------------------
Translation mean : 
[1.22158186 0.08827993 0.3273505 ]
()
Rotation mean : 
[-0.15011972  0.00198452  0.98860683 -0.00978673]
()
Current values
[1.2169785838925928, 0.027136875899449006, 0.3419685425428181]
[-0.1588510986589085, 0.0002463775665461493, 0.987181539310047, -0.015455620285135637]
Quaternion in openCV Convention: 
 [ 0.56546217  0.57326439 -0.42512918 -0.41335793]
Rotation in openCV Convention: 
 [[-1.87550214e-02  2.96863808e-01 -9.54735633e-01  0.00000000e+00]
 [ 9.99800559e-01 -9.85471501e-04 -1.99467067e-02  0.00000000e+00]
 [-6.86232007e-03 -9.54919320e-01 -2.96786119e-01  0.00000000e+00]
 [ 0.00000000e+00  0.00000000e+00  0.00000000e+00  1.00000000e+00]]
