------------------------------------
Translation mean : 
[1.15767741 0.11625142 0.53804656]
()
Rotation mean : 
[-0.399184    0.00683552  0.91672083 -0.01511053]
()
Current values
[1.1576774126654894, 0.116251421869654, 0.5380465618367665]
[-0.39918400465994175, 0.0068355243885133265, 0.9167208287587923, -0.015110531088569157]
Quaternion in openCV Convention: 
 [ 0.65381491  0.66208992 -0.26974144 -0.24779538]
Rotation in openCV Convention: 
 [[-2.22470132e-02  7.32087160e-01 -6.80847605e-01  0.00000000e+00]
 [ 9.99449895e-01 -4.68770540e-04 -3.31615412e-02  0.00000000e+00]
 [-2.45962998e-02 -6.81210812e-01 -7.31674006e-01  0.00000000e+00]
 [ 0.00000000e+00  0.00000000e+00  0.00000000e+00  1.00000000e+00]]
-----------------------------------
------------------------------------
Translation mean : 
[1.15767741 0.11625142 0.53804656]
()
Rotation mean : 
[-0.399184    0.00683552  0.91672083 -0.01511053]
()
Current values
[1.1576774126654894, 0.116251421869654, 0.5380465618367665]
[-0.39918400465994175, 0.0068355243885133265, 0.9167208287587923, -0.015110531088569157]
Quaternion in openCV Convention: 
 [ 0.65381491  0.66208992 -0.26974144 -0.24779538]
Rotation in openCV Convention: 
 [[-2.22470132e-02  7.32087160e-01 -6.80847605e-01  0.00000000e+00]
 [ 9.99449895e-01 -4.68770540e-04 -3.31615412e-02  0.00000000e+00]
 [-2.45962998e-02 -6.81210812e-01 -7.31674006e-01  0.00000000e+00]
 [ 0.00000000e+00  0.00000000e+00  0.00000000e+00  1.00000000e+00]]
-----------------------------------
------------------------------------
Translation mean : 
[1.17019887 0.11801055 0.53707364]
()
Rotation mean : 
[-0.39842852  0.00640411  0.91705242 -0.01506074]
()
Current values
[1.1952417906047599, 0.12152880644641659, 0.5351278040442671]
[-0.39691753828153026, 0.005541273412869608, 0.9177156020307927, -0.014961145770085093]
Quaternion in openCV Convention: 
 [ 0.65341215  0.66206878 -0.27004437 -0.24857953]
Rotation in openCV Convention: 
 [[-2.25198499e-02  7.30953841e-01 -6.82055231e-01  0.00000000e+00]
 [ 9.99464322e-01  2.55449445e-04 -3.27261837e-02  0.00000000e+00]
 [-2.37470990e-02 -6.82426858e-01 -7.30568038e-01  0.00000000e+00]
 [ 0.00000000e+00  0.00000000e+00  0.00000000e+00  1.00000000e+00]]
-----------------------------------
------------------------------------
Translation mean : 
[1.17650913 0.11895463 0.53669665]
()
Rotation mean : 
[-0.39815283  0.00624174  0.91717318 -0.01506872]
()
Current values
[1.195439911463584, 0.12178688326448742, 0.5355656700343698]
[-0.3973257913156054, 0.005754634306662465, 0.917535455021062, -0.015092664400854158]
Quaternion in openCV Convention: 
 [ 0.65324952  0.6620765  -0.2701654  -0.24885494]
Rotation in openCV Convention: 
 [[-2.26709534e-02  7.30539521e-01 -6.82493982e-01  0.00000000e+00]
 [ 9.99467948e-01  5.49795129e-04 -3.26116344e-02  0.00000000e+00]
 [-2.34488559e-02 -6.82870197e-01 -7.30163300e-01  0.00000000e+00]
 [ 0.00000000e+00  0.00000000e+00  0.00000000e+00  1.00000000e+00]]
-----------------------------------
------------------------------------
Translation mean : 
[1.18029779 0.11941166 0.53648184]
()
Rotation mean : 
[-0.39799126  0.00610876  0.91724545 -0.01499637]
()
Current values
[1.195452421515825, 0.12123975777849552, 0.5356226092970396]
[-0.39734495771378553, 0.005576837461427622, 0.9175345157594048, -0.014707000153431939]
Quaternion in openCV Convention: 
 [ 0.65317454  0.66206216 -0.27017966 -0.24907453]
Rotation in openCV Convention: 
 [[-2.26482821e-02  7.30295684e-01 -6.82755644e-01  0.00000000e+00]
 [ 9.99475583e-01  7.30390706e-04 -3.23732275e-02  0.00000000e+00]
 [-2.31433500e-02 -6.83130793e-01 -7.29929247e-01  0.00000000e+00]
 [ 0.00000000e+00  0.00000000e+00  0.00000000e+00  1.00000000e+00]]
-----------------------------------
------------------------------------
Translation mean : 
[1.18282265 0.11970625 0.53631511]
()
Rotation mean : 
[-0.39786965  0.00602847  0.91729978 -0.01493632]
()
Current values
[1.1954469212844332, 0.1211792274057612, 0.5354814714539624]
[-0.39726161385649356, 0.005627037217069858, 0.917571432243998, -0.014636028764312647]
Quaternion in openCV Convention: 
 [ 0.65313079  0.66203864 -0.27019746 -0.24923267]
Rotation in openCV Convention: 
 [[-2.26051005e-02  7.30112611e-01 -6.82952842e-01  0.00000000e+00]
 [ 9.99481127e-01  8.25583772e-04 -3.21992981e-02  0.00000000e+00]
 [-2.29452788e-02 -6.83326345e-01 -7.29752438e-01  0.00000000e+00]
 [ 0.00000000e+00  0.00000000e+00  0.00000000e+00  1.00000000e+00]]
-----------------------------------
------------------------------------
Translation mean : 
[1.18462611 0.11991668 0.53619602]
()
Rotation mean : 
[-0.39778279  0.00597112  0.91733858 -0.01489342]
()
Current values
[1.1954469212844332, 0.1211792274057612, 0.5354814714539624]
[-0.39726161385649356, 0.005627037217069858, 0.917571432243998, -0.014636028764312647]
Quaternion in openCV Convention: 
 [ 0.65309954  0.66202183 -0.27021017 -0.24934563]
Rotation in openCV Convention: 
 [[-2.25742237e-02  7.29981815e-01 -6.83093664e-01  0.00000000e+00]
 [ 9.99485063e-01  8.93607345e-04 -3.20750777e-02  0.00000000e+00]
 [-2.28038059e-02 -6.83465984e-01 -7.29626093e-01  0.00000000e+00]
 [ 0.00000000e+00  0.00000000e+00  0.00000000e+00  1.00000000e+00]]
-----------------------------------
------------------------------------
Translation mean : 
[1.18597237 0.12009626 0.53610621]
()
Rotation mean : 
[-0.39772198  0.00592271  0.91736558 -0.0148781 ]
()
Current values
[1.195396205924055, 0.12135329748406992, 0.5354775251183794]
[-0.3972962934387602, 0.005583806098375167, 0.9175545207081526, -0.014770844840778204]
Quaternion in openCV Convention: 
 [ 0.65306608  0.66202147 -0.2702222  -0.2494214 ]
Rotation in openCV Convention: 
 [[-2.25861514e-02  7.29890009e-01 -6.83191365e-01  0.00000000e+00]
 [ 9.99487127e-01  9.68114064e-04 -3.20085292e-02  0.00000000e+00]
 [-2.27012985e-02 -6.83563924e-01 -7.29537534e-01  0.00000000e+00]
 [ 0.00000000e+00  0.00000000e+00  0.00000000e+00  1.00000000e+00]]
-----------------------------------
------------------------------------
Translation mean : 
[1.18701947 0.12023593 0.53603636]
()
Rotation mean : 
[-0.39767468  0.00588505  0.91738657 -0.01486618]
()
Current values
[1.195396205924055, 0.12135329748406992, 0.5354775251183794]
[-0.3972962934387602, 0.005583806098375167, 0.9175545207081526, -0.014770844840778204]
Quaternion in openCV Convention: 
 [ 0.65304006  0.66202119 -0.27023156 -0.24948033]
Rotation in openCV Convention: 
 [[-0.02259542  0.72981859 -0.68326735  0.        ]
 [ 0.99948873  0.00102607 -0.03195678  0.        ]
 [-0.02262157 -0.68364009 -0.72946864  0.        ]
 [ 0.          0.          0.          1.        ]]
-----------------------------------
------------------------------------
Translation mean : 
[1.18785714 0.12034766 0.53598047]
()
Rotation mean : 
[-0.39763684  0.00585493  0.91740337 -0.01485665]
()
Current values
[1.195396205924055, 0.12135329748406992, 0.5354775251183794]
[-0.3972962934387602, 0.005583806098375167, 0.9175545207081526, -0.014770844840778204]
Quaternion in openCV Convention: 
 [ 0.65301924  0.66202096 -0.27023905 -0.24952748]
Rotation in openCV Convention: 
 [[-0.02260283  0.72976146 -0.68332813  0.        ]
 [ 0.99949     0.00107244 -0.03191538  0.        ]
 [-0.02255779 -0.68370101 -0.72941352  0.        ]
 [ 0.          0.          0.          1.        ]]
-----------------------------------
------------------------------------
Translation mean : 
[1.18854251 0.12043909 0.53593475]
()
Rotation mean : 
[-0.39760588  0.00583028  0.91741711 -0.01484885]
()
Current values
[1.195396205924055, 0.12135329748406992, 0.5354775251183794]
[-0.3972962934387602, 0.005583806098375167, 0.9175545207081526, -0.014770844840778204]
Quaternion in openCV Convention: 
 [ 0.65300221  0.66202078 -0.27024518 -0.24956605]
Rotation in openCV Convention: 
 [[-0.02260888  0.7297147  -0.68337785  0.        ]
 [ 0.99949104  0.00111038 -0.03188151  0.        ]
 [-0.0225056  -0.68375085 -0.72936841  0.        ]
 [ 0.          0.          0.          1.        ]]
-----------------------------------
------------------------------------
Translation mean : 
[1.18911365 0.12051527 0.53589665]
()
Rotation mean : 
[-0.39758008  0.00580974  0.91742856 -0.01484235]
()
Current values
[1.195396205924055, 0.12135329748406992, 0.5354775251183794]
[-0.3972962934387602, 0.005583806098375167, 0.9175545207081526, -0.014770844840778204]
Quaternion in openCV Convention: 
 [ 0.65298802  0.66202062 -0.27025028 -0.24959819]
Rotation in openCV Convention: 
 [[-0.02261393  0.72967574 -0.68341929  0.        ]
 [ 0.9994919   0.001142   -0.03185329  0.        ]
 [-0.02246211 -0.68379237 -0.72933082  0.        ]
 [ 0.          0.          0.          1.        ]]
-----------------------------------
------------------------------------
Translation mean : 
[1.18959693 0.12057973 0.53586441]
()
Rotation mean : 
[-0.39755825  0.00579236  0.91743825 -0.01483685]
()
Current values
[1.195396205924055, 0.12135329748406992, 0.5354775251183794]
[-0.3972962934387602, 0.005583806098375167, 0.9175545207081526, -0.014770844840778204]
Quaternion in openCV Convention: 
 [ 0.65297601  0.66202049 -0.2702546  -0.24962539]
Rotation in openCV Convention: 
 [[-0.0226182   0.72964277 -0.68345435  0.        ]
 [ 0.99949263  0.00116875 -0.03182941  0.        ]
 [-0.02242531 -0.68382751 -0.72929901  0.        ]
 [ 0.          0.          0.          1.        ]]
-----------------------------------
------------------------------------
Translation mean : 
[1.19001116 0.12063499 0.53583677]
()
Rotation mean : 
[-0.39753954  0.00577747  0.91744655 -0.01483213]
()
Current values
[1.195396205924055, 0.12135329748406992, 0.5354775251183794]
[-0.3972962934387602, 0.005583806098375167, 0.9175545207081526, -0.014770844840778204]
Quaternion in openCV Convention: 
 [ 0.65296571  0.66202038 -0.2702583  -0.24964871]
Rotation in openCV Convention: 
 [[-0.02262185  0.72961451 -0.6834844   0.        ]
 [ 0.99949326  0.00119169 -0.03180894  0.        ]
 [-0.02239377 -0.68385763 -0.72927174  0.        ]
 [ 0.          0.          0.          1.        ]]
-----------------------------------
------------------------------------
Translation mean : 
[1.19037016 0.12068288 0.53581282]
()
Rotation mean : 
[-0.39752332  0.00576455  0.91745375 -0.01482805]
()
Current values
[1.195396205924055, 0.12135329748406992, 0.5354775251183794]
[-0.3972962934387602, 0.005583806098375167, 0.9175545207081526, -0.014770844840778204]
Quaternion in openCV Convention: 
 [ 0.65295679  0.66202028 -0.27026151 -0.24966891]
Rotation in openCV Convention: 
 [[-0.02262502  0.72959001 -0.68351044  0.        ]
 [ 0.9994938   0.00121156 -0.03179121  0.        ]
 [-0.02236643 -0.68388372 -0.7292481   0.        ]
 [ 0.          0.          0.          1.        ]]
-----------------------------------
------------------------------------
Translation mean : 
[1.19068429 0.12072478 0.53579187]
()
Rotation mean : 
[-0.39750914  0.00575326  0.91746005 -0.01482447]
()
Current values
[1.195396205924055, 0.12135329748406992, 0.5354775251183794]
[-0.3972962934387602, 0.005583806098375167, 0.9175545207081526, -0.014770844840778204]
Quaternion in openCV Convention: 
 [ 0.65294899  0.6620202  -0.27026432 -0.24968659]
Rotation in openCV Convention: 
 [[-0.02262779  0.72956858 -0.68353323  0.        ]
 [ 0.99949427  0.00122896 -0.03177569  0.        ]
 [-0.02234251 -0.68390656 -0.72922742  0.        ]
 [ 0.          0.          0.          1.        ]]
-----------------------------------
------------------------------------
Translation mean : 
[1.19096146 0.12076175 0.53577338]
()
Rotation mean : 
[-0.39749662  0.00574329  0.91746561 -0.01482132]
()
Current values
[1.195396205924055, 0.12135329748406992, 0.5354775251183794]
[-0.3972962934387602, 0.005583806098375167, 0.9175545207081526, -0.014770844840778204]
Quaternion in openCV Convention: 
 [ 0.6529421   0.66202012 -0.2702668  -0.24970219]
Rotation in openCV Convention: 
 [[-0.02263023  0.72954966 -0.68355333  0.        ]
 [ 0.99949469  0.0012443  -0.03176199  0.        ]
 [-0.0223214  -0.68392671 -0.72920917  0.        ]
 [ 0.          0.          0.          1.        ]]
-----------------------------------
------------------------------------
Translation mean : 
[1.19120784 0.12079461 0.53575694]
()
Rotation mean : 
[-0.39748549  0.00573443  0.91747055 -0.01481851]
()
Current values
[1.195396205924055, 0.12135329748406992, 0.5354775251183794]
[-0.3972962934387602, 0.005583806098375167, 0.9175545207081526, -0.014770844840778204]
Quaternion in openCV Convention: 
 [ 0.65293597  0.66202006 -0.270269   -0.24971606]
Rotation in openCV Convention: 
 [[-0.02263241  0.72953285 -0.68357121  0.        ]
 [ 0.99949506  0.00125795 -0.03174982  0.        ]
 [-0.02230264 -0.68394462 -0.72919295  0.        ]
 [ 0.          0.          0.          1.        ]]
-----------------------------------
------------------------------------
Translation mean : 
[1.19142828 0.12082402 0.53574223]
()
Rotation mean : 
[-0.39747553  0.0057265   0.91747497 -0.014816  ]
()
Current values
[1.195396205924055, 0.12135329748406992, 0.5354775251183794]
[-0.3972962934387602, 0.005583806098375167, 0.9175545207081526, -0.014770844840778204]
Quaternion in openCV Convention: 
 [ 0.6529305   0.66202    -0.27027097 -0.24972847]
Rotation in openCV Convention: 
 [[-0.02263435  0.72951781 -0.6835872   0.        ]
 [ 0.99949539  0.00127015 -0.03173893  0.        ]
 [-0.02228586 -0.68396064 -0.72917843  0.        ]
 [ 0.          0.          0.          1.        ]]
-----------------------------------
------------------------------------
Translation mean : 
[1.19162667 0.12085048 0.535729  ]
()
Rotation mean : 
[-0.39746657  0.00571937  0.91747894 -0.01481375]
()
Current values
[1.195396205924055, 0.12135329748406992, 0.5354775251183794]
[-0.3972962934387602, 0.005583806098375167, 0.9175545207081526, -0.014770844840778204]
Quaternion in openCV Convention: 
 [ 0.65292557  0.66201994 -0.27027274 -0.24973963]
Rotation in openCV Convention: 
 [[-0.0226361   0.72950427 -0.68360159  0.        ]
 [ 0.99949568  0.00128114 -0.03172913  0.        ]
 [-0.02227075 -0.68397506 -0.72916537  0.        ]
 [ 0.          0.          0.          1.        ]]
-----------------------------------
------------------------------------
Translation mean : 
[1.19179876 0.12087514 0.53572206]
()
Rotation mean : 
[-0.39746464  0.00572091  0.91747983 -0.01481068]
()
Current values
[1.1952405327943538, 0.12136836605804457, 0.5355832738648036]
[-0.39742620354892455, 0.0057517344411764605, 0.9174975670384936, -0.014749398701369203]
Quaternion in openCV Convention: 
 [ 0.65292735  0.66201712 -0.27027339 -0.2497418 ]
Rotation in openCV Convention: 
 [[-0.0226293   0.72950144 -0.68360483  0.        ]
 [ 0.99949583  0.00127581 -0.03172474  0.        ]
 [-0.02227109 -0.68397809 -0.72916252  0.        ]
 [ 0.          0.          0.          1.        ]]
-----------------------------------
------------------------------------
Translation mean : 
[1.19195502 0.12089758 0.53571588]
()
Rotation mean : 
[-0.39746305  0.00572251  0.91748057 -0.01480787]
()
Current values
[1.195236431518421, 0.12136876304614333, 0.5355860598612661]
[-0.3974296258248914, 0.005756158582241706, 0.9174960659643343, -0.014748833683818937]
Quaternion in openCV Convention: 
 [ 0.65292913  0.66201449 -0.27027395 -0.24974357]
Rotation in openCV Convention: 
 [[-0.0226229   0.7294991  -0.68360754  0.        ]
 [ 0.99949596  0.00127058 -0.03172086  0.        ]
 [-0.02227176 -0.68398059 -0.72916015  0.        ]
 [ 0.          0.          0.          1.        ]]
-----------------------------------
------------------------------------
Translation mean : 
[1.19210536 0.12091811 0.53570963]
()
Rotation mean : 
[-0.39745749  0.00571999  0.91748303 -0.01480633]
()
Current values
[1.1954128806119628, 0.1213698436638772, 0.5355722008305688]
[-0.39733503926328506, 0.005664424738026027, 0.9175372229970128, -0.014772450066283357]
Quaternion in openCV Convention: 
 [ 0.65292709  0.66201343 -0.27027593 -0.24974961]
Rotation in openCV Convention: 
 [[-0.02262222  0.72949074 -0.68361648  0.        ]
 [ 0.99949611  0.0012738  -0.03171603  0.        ]
 [-0.02226576 -0.6839895  -0.72915197  0.        ]
 [ 0.          0.          0.          1.        ]]
-----------------------------------
------------------------------------
Translation mean : 
[1.19224772 0.12093696 0.53570355]
()
Rotation mean : 
[-0.39744995  0.00571531  0.91748635 -0.01480553]
()
Current values
[1.1955218839596056, 0.12137051122724152, 0.5355636392635426]
[-0.3972766034912937, 0.005607755101890515, 0.9175626392093742, -0.014787039198791959]
Quaternion in openCV Convention: 
 [ 0.65292304  0.66201326 -0.27027862 -0.24975778]
Rotation in openCV Convention: 
 [[-0.02262465  0.72947939 -0.68362852  0.        ]
 [ 0.99949626  0.00128148 -0.03171085  0.        ]
 [-0.02225636 -0.6840016  -0.72914091  0.        ]
 [ 0.          0.          0.          1.        ]]
-----------------------------------
------------------------------------
Translation mean : 
[1.1923759  0.12095527 0.53569981]
()
Rotation mean : 
[-0.39744507  0.00571103  0.91748851 -0.01480522]
()
Current values
[1.195452390355888, 0.12139454746058176, 0.5356101497104886]
[-0.39732785329928966, 0.005608422721712594, 0.9175402712807587, -0.014797741894762316]
Quaternion in openCV Convention: 
 [ 0.6529197   0.66201388 -0.27027984 -0.24976359]
Rotation in openCV Convention: 
 [[-0.0226276   0.729472   -0.68363631  0.        ]
 [ 0.99949638  0.0012889  -0.03170689  0.        ]
 [-0.02224815 -0.68400946 -0.72913378  0.        ]
 [ 0.          0.          0.          1.        ]]
-----------------------------------
------------------------------------
Translation mean : 
[1.19249423 0.12097216 0.53569636]
()
Rotation mean : 
[-0.39744056  0.00570709  0.9174905  -0.01480493]
()
Current values
[1.195452390355888, 0.12139454746058176, 0.5356101497104886]
[-0.39732785329928966, 0.005608422721712594, 0.9175402712807587, -0.014797741894762316]
Quaternion in openCV Convention: 
 [ 0.65291661  0.66201445 -0.27028098 -0.24976896]
Rotation in openCV Convention: 
 [[-0.02263031  0.72946517 -0.6836435   0.        ]
 [ 0.99949649  0.00129576 -0.03170323  0.        ]
 [-0.02224056 -0.68401673 -0.7291272   0.        ]
 [ 0.          0.          0.          1.        ]]
-----------------------------------
------------------------------------
Translation mean : 
[1.19260379 0.12098781 0.53569317]
()
Rotation mean : 
[-0.39743638  0.00570343  0.91749234 -0.01480466]
()
Current values
[1.195452390355888, 0.12139454746058176, 0.5356101497104886]
[-0.39732785329928966, 0.005608422721712594, 0.9175402712807587, -0.014797741894762316]
Quaternion in openCV Convention: 
 [ 0.65291375  0.66201498 -0.27028203 -0.24977393]
Rotation in openCV Convention: 
 [[-0.02263283  0.72945886 -0.68365015  0.        ]
 [ 0.99949659  0.00130211 -0.03169984  0.        ]
 [-0.02223354 -0.68402345 -0.72912111  0.        ]
 [ 0.          0.          0.          1.        ]]
-----------------------------------
------------------------------------
Translation mean : 
[1.19270553 0.12100233 0.53569021]
()
Rotation mean : 
[-0.39743251  0.00570004  0.91749405 -0.01480441]
()
Current values
[1.195452390355888, 0.12139454746058176, 0.5356101497104886]
[-0.39732785329928966, 0.005608422721712594, 0.9175402712807587, -0.014797741894762316]
Quaternion in openCV Convention: 
 [ 0.65291109  0.66201547 -0.270283   -0.24977854]
Rotation in openCV Convention: 
 [[-0.02263517  0.72945299 -0.68365633  0.        ]
 [ 0.99949668  0.00130801 -0.0316967   0.        ]
 [-0.02222703 -0.68402969 -0.72911545  0.        ]
 [ 0.          0.          0.          1.        ]]
-----------------------------------
------------------------------------
Translation mean : 
[1.19280025 0.12101586 0.53568744]
()
Rotation mean : 
[-0.3974289   0.00569688  0.91749565 -0.01480418]
()
Current values
[1.195452390355888, 0.12139454746058176, 0.5356101497104886]
[-0.39732785329928966, 0.005608422721712594, 0.9175402712807587, -0.014797741894762316]
Quaternion in openCV Convention: 
 [ 0.65290862  0.66201592 -0.27028391 -0.24978284]
Rotation in openCV Convention: 
 [[-0.02263735  0.72944753 -0.68366209  0.        ]
 [ 0.99949676  0.0013135  -0.03169377  0.        ]
 [-0.02222096 -0.68403551 -0.72911018  0.        ]
 [ 0.          0.          0.          1.        ]]
-----------------------------------
------------------------------------
Translation mean : 
[1.19288865 0.12102848 0.53568487]
()
Rotation mean : 
[-0.39742553  0.00569393  0.91749713 -0.01480397]
()
Current values
[1.195452390355888, 0.12139454746058176, 0.5356101497104886]
[-0.39732785329928966, 0.005608422721712594, 0.9175402712807587, -0.014797741894762316]
Quaternion in openCV Convention: 
 [ 0.65290631  0.66201635 -0.27028475 -0.24978685]
Rotation in openCV Convention: 
 [[-0.02263938  0.72944243 -0.68366746  0.        ]
 [ 0.99949684  0.00131862 -0.03169104  0.        ]
 [-0.02221529 -0.68404093 -0.72910526  0.        ]
 [ 0.          0.          0.          1.        ]]
-----------------------------------
------------------------------------
Translation mean : 
[1.19297135 0.12104029 0.53568246]
()
Rotation mean : 
[-0.39742238  0.00569117  0.91749852 -0.01480377]
()
Current values
[1.195452390355888, 0.12139454746058176, 0.5356101497104886]
[-0.39732785329928966, 0.005608422721712594, 0.9175402712807587, -0.014797741894762316]
Quaternion in openCV Convention: 
 [ 0.65290415  0.66201675 -0.27028554 -0.2497906 ]
Rotation in openCV Convention: 
 [[-0.02264128  0.72943767 -0.68367248  0.        ]
 [ 0.99949692  0.00132341 -0.03168848  0.        ]
 [-0.02220999 -0.68404601 -0.72910066  0.        ]
 [ 0.          0.          0.          1.        ]]
-----------------------------------
------------------------------------
Translation mean : 
[1.19304889 0.12105136 0.5356802 ]
()
Rotation mean : 
[-0.39741943  0.00568859  0.91749983 -0.01480358]
()
Current values
[1.195452390355888, 0.12139454746058176, 0.5356101497104886]
[-0.39732785329928966, 0.005608422721712594, 0.9175402712807587, -0.014797741894762316]
Quaternion in openCV Convention: 
 [ 0.65290213  0.66201712 -0.27028629 -0.24979412]
Rotation in openCV Convention: 
 [[-0.02264306  0.72943319 -0.68367719  0.        ]
 [ 0.99949699  0.00132791 -0.03168609  0.        ]
 [-0.02220502 -0.68405077 -0.72909635  0.        ]
 [ 0.          0.          0.          1.        ]]
-----------------------------------
------------------------------------
Translation mean : 
[1.19312172 0.12106176 0.53567808]
()
Rotation mean : 
[-0.39741665  0.00568616  0.91750105 -0.0148034 ]
()
Current values
[1.195452390355888, 0.12139454746058176, 0.5356101497104886]
[-0.39732785329928966, 0.005608422721712594, 0.9175402712807587, -0.014797741894762316]
Quaternion in openCV Convention: 
 [ 0.65290023  0.66201748 -0.27028698 -0.24979742]
Rotation in openCV Convention: 
 [[-0.02264474  0.729429   -0.68368162  0.        ]
 [ 0.99949705  0.00133213 -0.03168384  0.        ]
 [-0.02220036 -0.68405524 -0.7290923   0.        ]
 [ 0.          0.          0.          1.        ]]
-----------------------------------
------------------------------------
Translation mean : 
[1.19317905 0.12194731 0.53571115]
()
Rotation mean : 
[-0.39742836  0.00569073  0.91749661 -0.01476111]
()
Current values
[1.1950710401079858, 0.15117053607338127, 0.5368027354379843]
[-0.3978146389450834, 0.0058416101595186185, 0.9173498512835667, -0.01336558946529061]
Quaternion in openCV Convention: 
 [ 0.65292729  0.66199767 -0.27026005 -0.2498082 ]
Rotation in openCV Convention: 
 [[-0.02256324  0.72944663 -0.68366549  0.        ]
 [ 0.99949945  0.00129052 -0.03160987  0.        ]
 [-0.02217543 -0.68403651 -0.72911063  0.        ]
 [ 0.          0.          0.          1.        ]]
-----------------------------------
------------------------------------
Translation mean : 
[1.19323448 0.12238408 0.53575092]
()
Rotation mean : 
[-0.39744205  0.00566519  0.91749167 -0.01470458]
()
Current values
[1.1951190214971013, 0.13723407406383933, 0.5371030512331497]
[-0.3979076662364929, 0.00479666782350631, 0.9173238734238403, -0.01278250267752326]
Quaternion in openCV Convention: 
 [ 0.65294716  0.66198656 -0.27020969 -0.24983993]
Rotation in openCV Convention: 
 [[-0.02247951  0.72946654 -0.68364702  0.        ]
 [ 0.99950336  0.00129292 -0.03148585  0.        ]
 [-0.02208397 -0.68401528 -0.72913332  0.        ]
 [ 0.          0.          0.          1.        ]]
-----------------------------------
------------------------------------
Translation mean : 
[1.1933035  0.12244947 0.53578085]
()
Rotation mean : 
[-0.39745404  0.0056112   0.91748769 -0.01464151]
()
Current values
[1.195719383507899, 0.12473813838337373, 0.5368281820991418]
[-0.3978737711428764, 0.0037216349860271824, 0.9173483591201705, -0.01243381233201274]
Quaternion in openCV Convention: 
 [ 0.65295571  0.66198602 -0.27014318 -0.24989047]
Rotation in openCV Convention: 
 [[-0.02240643  0.72948325 -0.68363158  0.        ]
 [ 0.99950828  0.00134224 -0.03132721  0.        ]
 [-0.02193508 -0.68399736 -0.72915463  0.        ]
 [ 0.          0.          0.          1.        ]]
-----------------------------------
------------------------------------
Translation mean : 
[1.19337849 0.12237475 0.53580152]
()
Rotation mean : 
[-0.39746132  0.00557216  0.91748557 -0.01458658]
()
Current values
[1.1960780334470054, 0.11968503119952972, 0.5365458958831558]
[-0.39772332846309555, 0.004166769385893726, 0.9174092884536044, -0.012609103384957658]
Quaternion in openCV Convention: 
 [ 0.65296624  0.66198066 -0.27009149 -0.24993276]
Rotation in openCV Convention: 
 [[-0.02233653  0.72949327 -0.68362317  0.        ]
 [ 0.99951237  0.00137045 -0.03119541  0.        ]
 [-0.02181997 -0.68398661 -0.72916816  0.        ]
 [ 0.          0.          0.          1.        ]]
-----------------------------------
------------------------------------
Translation mean : 
[1.19345037 0.12228384 0.53581509]
()
Rotation mean : 
[-0.39746473  0.00554866  0.91748488 -0.01454401]
()
Current values
[1.1961098511566297, 0.11891997726336165, 0.5363170991022708]
[-0.39759071809804036, 0.004679063231589219, 0.9174592775855137, -0.012969241374372052]
Quaternion in openCV Convention: 
 [ 0.65297712  0.66197248 -0.27005641 -0.24996374]
Rotation in openCV Convention: 
 [[-0.02227706  0.72949786 -0.68362022  0.        ]
 [ 0.99951537  0.00137985 -0.03109865  0.        ]
 [-0.0217431  -0.6839817  -0.72917506  0.        ]
 [ 0.          0.          0.          1.        ]]
-----------------------------------
------------------------------------
Translation mean : 
[1.19351856 0.12219758 0.53582796]
()
Rotation mean : 
[-0.39746796  0.00552636  0.91748422 -0.01450364]
()
Current values
[1.1961098511566297, 0.11891997726336165, 0.5363170991022708]
[-0.39759071809804036, 0.004679063231589219, 0.9174592775855137, -0.012969241374372052]
Quaternion in openCV Convention: 
 [ 0.65298745  0.66196473 -0.27002313 -0.24999314]
Rotation in openCV Convention: 
 [[-0.02222064  0.72950221 -0.68361741  0.        ]
 [ 0.99951821  0.00138877 -0.03100685  0.        ]
 [-0.02167018 -0.68397704 -0.7291816   0.        ]
 [ 0.          0.          0.          1.        ]]
-----------------------------------
------------------------------------
Translation mean : 
[1.19358334 0.12211564 0.53584019]
()
Rotation mean : 
[-0.39747103  0.00550518  0.9174836  -0.01446528]
()
Current values
[1.1961098511566297, 0.11891997726336165, 0.5363170991022708]
[-0.39759071809804036, 0.004679063231589219, 0.9174592775855137, -0.012969241374372052]
Quaternion in openCV Convention: 
 [ 0.65299726  0.66195736 -0.26999151 -0.25002106]
Rotation in openCV Convention: 
 [[-0.02216703  0.72950635 -0.68361474  0.        ]
 [ 0.9995209   0.00139724 -0.03091964  0.        ]
 [-0.0216009  -0.68397261 -0.72918781  0.        ]
 [ 0.          0.          0.          1.        ]]
-----------------------------------
------------------------------------
Translation mean : 
[1.19364497 0.1220377  0.53585182]
()
Rotation mean : 
[-0.39747395  0.00548503  0.91748301 -0.01442879]
()
Current values
[1.1961098511566297, 0.11891997726336165, 0.5363170991022708]
[-0.39759071809804036, 0.004679063231589219, 0.9174592775855137, -0.012969241374372052]
Quaternion in openCV Convention: 
 [ 0.6530066   0.66195036 -0.26996144 -0.25004762]
Rotation in openCV Convention: 
 [[-0.02211605  0.72951028 -0.68361219  0.        ]
 [ 0.99952345  0.0014053  -0.03083668  0.        ]
 [-0.021535   -0.6839684  -0.72919371  0.        ]
 [ 0.          0.          0.          1.        ]]
-----------------------------------
------------------------------------
Translation mean : 
[1.19370365 0.12196347 0.5358629 ]
()
Rotation mean : 
[-0.39747673  0.00546584  0.91748244 -0.01439404]
()
Current values
[1.1961098511566297, 0.11891997726336165, 0.5363170991022708]
[-0.39759071809804036, 0.004679063231589219, 0.9174592775855137, -0.012969241374372052]
Quaternion in openCV Convention: 
 [ 0.65301549  0.66194368 -0.2699328  -0.25007292]
Rotation in openCV Convention: 
 [[-0.02206749  0.72951403 -0.68360976  0.        ]
 [ 0.99952587  0.00141297 -0.03075767  0.        ]
 [-0.02147224 -0.68396439 -0.72919933  0.        ]
 [ 0.          0.          0.          1.        ]]
-----------------------------------
------------------------------------
Translation mean : 
[1.19375961 0.12189269 0.53587346]
()
Rotation mean : 
[-0.39747938  0.00544754  0.9174819  -0.0143609 ]
()
Current values
[1.1961098511566297, 0.11891997726336165, 0.5363170991022708]
[-0.39759071809804036, 0.004679063231589219, 0.9174592775855137, -0.012969241374372052]
Quaternion in openCV Convention: 
 [ 0.65302396  0.66193732 -0.26990548 -0.25009704]
Rotation in openCV Convention: 
 [[-0.02202119  0.7295176  -0.68360744  0.        ]
 [ 0.99952818  0.00142028 -0.03068234  0.        ]
 [-0.02141239 -0.68396056 -0.72920468  0.        ]
 [ 0.          0.          0.          1.        ]]
-----------------------------------
------------------------------------
Translation mean : 
[1.19381303 0.12182513 0.53588355]
()
Rotation mean : 
[-0.39748191  0.00543008  0.91748139 -0.01432927]
()
Current values
[1.1961098511566297, 0.11891997726336165, 0.5363170991022708]
[-0.39759071809804036, 0.004679063231589219, 0.9174592775855137, -0.012969241374372052]
Quaternion in openCV Convention: 
 [ 0.65303205  0.66193125 -0.26987942 -0.25012007]
Rotation in openCV Convention: 
 [[-0.021977    0.72952101 -0.68360522  0.        ]
 [ 0.99953037  0.00142727 -0.03061043  0.        ]
 [-0.02135527 -0.68395691 -0.72920978  0.        ]
 [ 0.          0.          0.          1.        ]]
-----------------------------------
------------------------------------
Translation mean : 
[1.19386407 0.12176057 0.53589318]
()
Rotation mean : 
[-0.39748433  0.00541339  0.9174809  -0.01429905]
()
Current values
[1.1961098511566297, 0.11891997726336165, 0.5363170991022708]
[-0.39759071809804036, 0.004679063231589219, 0.9174592775855137, -0.012969241374372052]
Quaternion in openCV Convention: 
 [ 0.65303978  0.66192544 -0.2698545  -0.25014207]
Rotation in openCV Convention: 
 [[-0.02193476  0.72952427 -0.6836031   0.        ]
 [ 0.99953246  0.00143394 -0.03054172  0.        ]
 [-0.02130068 -0.68395342 -0.72921465  0.        ]
 [ 0.          0.          0.          1.        ]]
-----------------------------------
------------------------------------
Translation mean : 
[1.19391289 0.12169882 0.5359024 ]
()
Rotation mean : 
[-0.39748664  0.00539742  0.91748043 -0.01427014]
()
Current values
[1.1961098511566297, 0.11891997726336165, 0.5363170991022708]
[-0.39759071809804036, 0.004679063231589219, 0.9174592775855137, -0.012969241374372052]
Quaternion in openCV Convention: 
 [ 0.65304717  0.66191989 -0.26983068 -0.25016311]
Rotation in openCV Convention: 
 [[-0.02189437  0.72952739 -0.68360107  0.        ]
 [ 0.99953446  0.00144032 -0.030476    0.        ]
 [-0.02124847 -0.68395008 -0.7292193   0.        ]
 [ 0.          0.          0.          1.        ]]
-----------------------------------
------------------------------------
Translation mean : 
[1.19395963 0.12163969 0.53591122]
()
Rotation mean : 
[-0.39748885  0.00538214  0.91747998 -0.01424246]
()
Current values
[1.1961098511566297, 0.11891997726336165, 0.5363170991022708]
[-0.39759071809804036, 0.004679063231589219, 0.9174592775855137, -0.012969241374372052]
Quaternion in openCV Convention: 
 [ 0.65305425  0.66191458 -0.26980786 -0.25018326]
Rotation in openCV Convention: 
 [[-0.0218557   0.72953038 -0.68359912  0.        ]
 [ 0.99953637  0.00144643 -0.03041307  0.        ]
 [-0.02119848 -0.68394688 -0.72922376  0.        ]
 [ 0.          0.          0.          1.        ]]
-----------------------------------
------------------------------------
Translation mean : 
[1.19400443 0.12158303 0.53591968]
()
Rotation mean : 
[-0.39749097  0.00536749  0.91747955 -0.01421594]
()
Current values
[1.1961098511566297, 0.11891997726336165, 0.5363170991022708]
[-0.39759071809804036, 0.004679063231589219, 0.9174592775855137, -0.012969241374372052]
Quaternion in openCV Convention: 
 [ 0.65306104  0.66190948 -0.269786   -0.25020257]
Rotation in openCV Convention: 
 [[-0.02181863  0.72953324 -0.68359725  0.        ]
 [ 0.99953819  0.00145229 -0.03035276  0.        ]
 [-0.02115057 -0.68394382 -0.72922802  0.        ]
 [ 0.          0.          0.          1.        ]]
-----------------------------------
------------------------------------
Translation mean : 
[1.1940474  0.12152868 0.53592779]
()
Rotation mean : 
[-0.39749301  0.00535344  0.91747913 -0.01419049]
()
Current values
[1.1961098511566297, 0.11891997726336165, 0.5363170991022708]
[-0.39759071809804036, 0.004679063231589219, 0.9174592775855137, -0.012969241374372052]
Quaternion in openCV Convention: 
 [ 0.65306755  0.6619046  -0.26976503 -0.25022109]
Rotation in openCV Convention: 
 [[-0.02178308  0.72953598 -0.68359546  0.        ]
 [ 0.99953994  0.0014579  -0.03029492  0.        ]
 [-0.02110462 -0.68394088 -0.72923211  0.        ]
 [ 0.          0.          0.          1.        ]]
-----------------------------------
------------------------------------
Translation mean : 
[1.19408742 0.12147488 0.53594637]
()
Rotation mean : 
[-0.39750094  0.00533797  0.91747615 -0.0141663 ]
()
Current values
[1.19604881894921, 0.1188384697776492, 0.5368569614584976]
[-0.39788959500135845, 0.004579630814636077, 0.9173300374427263, -0.012980738676340047]
Quaternion in openCV Convention: 
 [ 0.65307438  0.66190271 -0.26973974 -0.25023547]
Rotation in openCV Convention: 
 [[-0.02175082  0.72954748 -0.68358421  0.        ]
 [ 0.99954164  0.00146732 -0.03023822  0.        ]
 [-0.02105718 -0.68392859 -0.729245    0.        ]
 [ 0.          0.          0.          1.        ]]
-----------------------------------
------------------------------------
Translation mean : 
[1.19412479 0.12141881 0.53594437]
()
Rotation mean : 
[-0.39749795  0.00531301  0.91747796 -0.01414072]
()
Current values
[1.195992972290171, 0.1186155465995929, 0.535844347376129]
[-0.3973484441877261, 0.004065404025609839, 0.9175686661335916, -0.012861933039950802]
Quaternion in openCV Convention: 
 [ 0.6530741   0.66190181 -0.26971687 -0.25026314]
Rotation in openCV Convention: 
 [[-0.02172381  0.72954249 -0.6835904   0.        ]
 [ 0.99954362  0.00149267 -0.03017147  0.        ]
 [-0.02099099 -0.68393387 -0.72924197  0.        ]
 [ 0.          0.          0.          1.        ]]
-----------------------------------
------------------------------------
Translation mean : 
[1.19416071 0.12136491 0.53594245]
()
Rotation mean : 
[-0.39749508  0.00528902  0.91747971 -0.01411613]
()
Current values
[1.195992972290171, 0.1186155465995929, 0.535844347376129]
[-0.3973484441877261, 0.004065404025609839, 0.9175686661335916, -0.012861933039950802]
Quaternion in openCV Convention: 
 [ 0.65307384  0.66190095 -0.26969489 -0.25028974]
Rotation in openCV Convention: 
 [[-0.02169784  0.72953768 -0.68359635  0.        ]
 [ 0.99954552  0.00151705 -0.03010729  0.        ]
 [-0.02092735 -0.68393894 -0.72923904  0.        ]
 [ 0.          0.          0.          1.        ]]
-----------------------------------
------------------------------------
Translation mean : 
[1.19419529 0.12131303 0.5359406 ]
()
Rotation mean : 
[-0.39749231  0.00526593  0.91748139 -0.01409247]
()
Current values
[1.195992972290171, 0.1186155465995929, 0.535844347376129]
[-0.3973484441877261, 0.004065404025609839, 0.9175686661335916, -0.012861933039950802]
Quaternion in openCV Convention: 
 [ 0.65307358  0.66190012 -0.26967374 -0.25031534]
Rotation in openCV Convention: 
 [[-0.02167285  0.72953306 -0.68360208  0.        ]
 [ 0.99954734  0.0015405  -0.03004553  0.        ]
 [-0.02086612 -0.68394381 -0.72923622  0.        ]
 [ 0.          0.          0.          1.        ]]
-----------------------------------
------------------------------------
Translation mean : 
[1.19422858 0.12126308 0.53593881]
()
Rotation mean : 
[-0.39748965  0.0052437   0.917483   -0.01406968]
()
Current values
[1.195992972290171, 0.1186155465995929, 0.535844347376129]
[-0.3973484441877261, 0.004065404025609839, 0.9175686661335916, -0.012861933039950802]
Quaternion in openCV Convention: 
 [ 0.65307334  0.66189931 -0.26965337 -0.25033999]
Rotation in openCV Convention: 
 [[-0.02164878  0.72952861 -0.68360759  0.        ]
 [ 0.99954909  0.00156309 -0.02998606  0.        ]
 [-0.02080715 -0.68394851 -0.7292335   0.        ]
 [ 0.          0.          0.          1.        ]]
-----------------------------------
------------------------------------
Translation mean : 
[1.19426066 0.12121494 0.5359371 ]
()
Rotation mean : 
[-0.39748708  0.00522228  0.91748456 -0.01404772]
()
Current values
[1.195992972290171, 0.1186155465995929, 0.535844347376129]
[-0.3973484441877261, 0.004065404025609839, 0.9175686661335916, -0.012861933039950802]
Quaternion in openCV Convention: 
 [ 0.6530731   0.66189854 -0.26963374 -0.25036374]
Rotation in openCV Convention: 
 [[-0.02162559  0.72952433 -0.6836129   0.        ]
 [ 0.99955078  0.00158486 -0.02992875  0.        ]
 [-0.02075033 -0.68395303 -0.72923088  0.        ]
 [ 0.          0.          0.          1.        ]]
-----------------------------------
------------------------------------
Translation mean : 
[1.19429159 0.12116852 0.53593544]
()
Rotation mean : 
[-0.3974846   0.00520162  0.91748606 -0.01402655]
()
Current values
[1.195992972290171, 0.1186155465995929, 0.535844347376129]
[-0.3973484441877261, 0.004065404025609839, 0.9175686661335916, -0.012861933039950802]
Quaternion in openCV Convention: 
 [ 0.65307287  0.6618978  -0.26961481 -0.25038665]
Rotation in openCV Convention: 
 [[-0.02160323  0.72952019 -0.68361801  0.        ]
 [ 0.9995524   0.00160585 -0.02987349  0.        ]
 [-0.02069553 -0.68395739 -0.72922835  0.        ]
 [ 0.          0.          0.          1.        ]]
-----------------------------------
------------------------------------
Translation mean : 
[1.19432144 0.12112373 0.53593384]
()
Rotation mean : 
[-0.39748221  0.00518169  0.91748751 -0.01400611]
()
Current values
[1.195992972290171, 0.1186155465995929, 0.535844347376129]
[-0.3973484441877261, 0.004065404025609839, 0.9175686661335916, -0.012861933039950802]
Quaternion in openCV Convention: 
 [ 0.65307265  0.66189708 -0.26959655 -0.25040875]
Rotation in openCV Convention: 
 [[-0.02158165  0.7295162  -0.68362295  0.        ]
 [ 0.99955396  0.0016261  -0.02982017  0.        ]
 [-0.02064266 -0.68396159 -0.7292259   0.        ]
 [ 0.          0.          0.          1.        ]]
-----------------------------------
------------------------------------
Translation mean : 
[1.19435026 0.12108049 0.5359323 ]
()
Rotation mean : 
[-0.39747991  0.00516244  0.91748891 -0.01398639]
()
Current values
[1.195992972290171, 0.1186155465995929, 0.535844347376129]
