------------------------------------
Translation mean : 
[1.19474755 0.12143871 0.53522933]
()
Rotation mean : 
[-0.39813875  0.00475197  0.91718769 -0.01515545]
()
Current values
[1.194747552611137, 0.12143871362615075, 0.5352293264276096]
[-0.39813875230411533, 0.00475196611670149, 0.9171876934765882, -0.015155450070638805]
Quaternion in openCV Convention: 
 [ 0.65246148  0.66286496 -0.26947818 -0.24957076]
Rotation in openCV Convention: 
 [[-0.0240169   0.73047996 -0.68251169  0.        ]
 [ 0.99949546  0.00335105 -0.03158467  0.        ]
 [-0.02078483 -0.68292591 -0.73019189  0.        ]
 [ 0.          0.          0.          1.        ]]
-----------------------------------
------------------------------------
Translation mean : 
[1.19474755 0.12143871 0.53522933]
()
Rotation mean : 
[-0.39813875  0.00475197  0.91718769 -0.01515545]
()
Current values
[1.194747552611137, 0.12143871362615075, 0.5352293264276096]
[-0.39813875230411533, 0.00475196611670149, 0.9171876934765882, -0.015155450070638805]
Quaternion in openCV Convention: 
 [ 0.65246148  0.66286496 -0.26947818 -0.24957076]
Rotation in openCV Convention: 
 [[-0.0240169   0.73047996 -0.68251169  0.        ]
 [ 0.99949546  0.00335105 -0.03158467  0.        ]
 [-0.02078483 -0.68292591 -0.73019189  0.        ]
 [ 0.          0.          0.          1.        ]]
-----------------------------------
------------------------------------
Translation mean : 
[1.19474755 0.12143871 0.53522933]
()
Rotation mean : 
[-0.39813875  0.00475197  0.91718769 -0.01515545]
()
Current values
[1.194747552611137, 0.12143871362615075, 0.5352293264276096]
[-0.39813875230411533, 0.00475196611670149, 0.9171876934765882, -0.015155450070638805]
Quaternion in openCV Convention: 
 [ 0.65246148  0.66286496 -0.26947818 -0.24957076]
Rotation in openCV Convention: 
 [[-0.0240169   0.73047996 -0.68251169  0.        ]
 [ 0.99949546  0.00335105 -0.03158467  0.        ]
 [-0.02078483 -0.68292591 -0.73019189  0.        ]
 [ 0.          0.          0.          1.        ]]
-----------------------------------
------------------------------------
Translation mean : 
[1.1947287  0.12143035 0.53526403]
()
Rotation mean : 
[-0.39817089  0.00473434  0.91717386 -0.01515388]
()
Current values
[1.1946721457187375, 0.12140526681889877, 0.535368124265814]
[-0.39826729386263393, 0.0046814497602581506, 0.9171323507955331, -0.015149184523796877]
Quaternion in openCV Convention: 
 [ 0.6524626   0.66288215 -0.2694456  -0.24955737]
Rotation in openCV Convention: 
 [[-0.02402734  0.73052735 -0.68246061  0.        ]
 [ 0.99949589  0.00338325 -0.03156764  0.        ]
 [-0.02075209 -0.68287506 -0.73024037  0.        ]
 [ 0.          0.          0.          1.        ]]
-----------------------------------
------------------------------------
Translation mean : 
[1.1947161  0.12142533 0.53528485]
()
Rotation mean : 
[-0.39819017  0.00472376  0.91716556 -0.01515294]
()
Current values
[1.1946656992799571, 0.12140526681889877, 0.535368124265814]
[-0.39826729386263393, 0.0046814497602581506, 0.9171323507955331, -0.015149184523796877]
Quaternion in openCV Convention: 
 [ 0.65246327  0.66289245 -0.26942605 -0.24954934]
Rotation in openCV Convention: 
 [[-0.02403361  0.73055578 -0.68242995  0.        ]
 [ 0.99949615  0.00340257 -0.03155743  0.        ]
 [-0.02073245 -0.68284455 -0.73026946  0.        ]
 [ 0.          0.          0.          1.        ]]
-----------------------------------
------------------------------------
Translation mean : 
[1.19473006 0.12144816 0.53525342]
()
Rotation mean : 
[-0.39816115  0.00473089  0.91717782 -0.01517097]
()
Current values
[1.194799879418825, 0.12156228714876516, 0.5350962987794055]
[-0.3980160723660649, 0.00476652742490488, 0.9172391105917785, -0.01526107320609914]
Quaternion in openCV Convention: 
 [ 0.65244945  0.66288952 -0.26945926 -0.2495574 ]
Rotation in openCV Convention: 
 [[-0.02406163  0.73051271 -0.68247507  0.        ]
 [ 0.99949492  0.00340285 -0.03159626  0.        ]
 [-0.02075911 -0.68289063 -0.73022562  0.        ]
 [ 0.          0.          0.          1.        ]]
-----------------------------------
------------------------------------
Translation mean : 
[1.19474004 0.12146446 0.53523098]
()
Rotation mean : 
[-0.39814043  0.00473598  0.91718657 -0.01518384]
()
Current values
[1.194799879418825, 0.12156228714876516, 0.5350962987794055]
[-0.3980160723660649, 0.00476652742490488, 0.9172391105917785, -0.01526107320609914]
Quaternion in openCV Convention: 
 [ 0.65243957  0.66288743 -0.26948298 -0.24956316]
Rotation in openCV Convention: 
 [[-0.02408166  0.73048194 -0.6825073   0.        ]
 [ 0.99949404  0.00340305 -0.03162399  0.        ]
 [-0.02077815 -0.68292354 -0.7301943   0.        ]
 [ 0.          0.          0.          1.        ]]
-----------------------------------
------------------------------------
Translation mean : 
[1.19474752 0.12147669 0.53521414]
()
Rotation mean : 
[-0.39812488  0.0047398   0.91719314 -0.01519349]
()
Current values
[1.194799879418825, 0.12156228714876516, 0.5350962987794055]
[-0.3980160723660649, 0.00476652742490488, 0.9172391105917785, -0.01526107320609914]
Quaternion in openCV Convention: 
 [ 0.65243216  0.66288586 -0.26950077 -0.24956748]
Rotation in openCV Convention: 
 [[-0.02409667  0.73045886 -0.68253147  0.        ]
 [ 0.99949338  0.0034032  -0.0316448   0.        ]
 [-0.02079243 -0.68294822 -0.7301708   0.        ]
 [ 0.          0.          0.          1.        ]]
-----------------------------------
------------------------------------
Translation mean : 
[1.19475334 0.1214862  0.53520105]
()
Rotation mean : 
[-0.39811279  0.00474277  0.91719825 -0.015201  ]
()
Current values
[1.194799879418825, 0.12156228714876516, 0.5350962987794055]
[-0.3980160723660649, 0.00476652742490488, 0.9172391105917785, -0.01526107320609914]
Quaternion in openCV Convention: 
 [ 0.6524264   0.66288464 -0.26951461 -0.24957084]
Rotation in openCV Convention: 
 [[-0.02410835  0.73044091 -0.68255026  0.        ]
 [ 0.99949287  0.00340331 -0.03166098  0.        ]
 [-0.02080354 -0.68296742 -0.73015253  0.        ]
 [ 0.          0.          0.          1.        ]]
-----------------------------------
------------------------------------
Translation mean : 
[1.19475799 0.12149381 0.53519057]
()
Rotation mean : 
[-0.39810312  0.00474514  0.91720233 -0.01520701]
()
Current values
[1.194799879418825, 0.12156228714876516, 0.5350962987794055]
[-0.3980160723660649, 0.00476652742490488, 0.9172391105917785, -0.01526107320609914]
Quaternion in openCV Convention: 
 [ 0.65242179  0.66288366 -0.26952568 -0.24957353]
Rotation in openCV Convention: 
 [[-0.02411769  0.73042655 -0.6825653   0.        ]
 [ 0.99949246  0.0034034  -0.03167392  0.        ]
 [-0.02081243 -0.68298277 -0.73013791  0.        ]
 [ 0.          0.          0.          1.        ]]
-----------------------------------
------------------------------------
Translation mean : 
[1.19475675 0.12148182 0.53518261]
()
Rotation mean : 
[-0.39809805  0.00473987  0.91720472 -0.01519742]
()
Current values
[1.1947443207429416, 0.12136191299462412, 0.5351030229360332]
[-0.39804739776935144, 0.004687108810789804, 0.9172285668579597, -0.015101532363866835]
Quaternion in openCV Convention: 
 [ 0.65242261  0.66288016 -0.26952198 -0.24958469]
Rotation in openCV Convention: 
 [[-0.02410443  0.73041891 -0.68257395  0.        ]
 [ 0.99949314  0.00340527 -0.03165215  0.        ]
 [-0.02079498 -0.68299094 -0.73013077  0.        ]
 [ 0.          0.          0.          1.        ]]
-----------------------------------
------------------------------------
Translation mean : 
[1.19475571 0.12147183 0.53517598]
()
Rotation mean : 
[-0.39809383  0.00473547  0.91720671 -0.01518943]
()
Current values
[1.1947443207429416, 0.12136191299462412, 0.5351030229360332]
[-0.39804739776935144, 0.004687108810789804, 0.9172285668579597, -0.015101532363866835]
Quaternion in openCV Convention: 
 [ 0.65242329  0.66287725 -0.26951889 -0.24959399]
Rotation in openCV Convention: 
 [[-0.02409337  0.73041254 -0.68258116  0.        ]
 [ 0.99949371  0.00340682 -0.03163402  0.        ]
 [-0.02078045 -0.68299775 -0.73012482  0.        ]
 [ 0.          0.          0.          1.        ]]
-----------------------------------
------------------------------------
Translation mean : 
[1.19474992 0.12143435 0.53523781]
()
Rotation mean : 
[-0.3981365   0.00469642  0.91718874 -0.01516627]
()
Current values
[1.194680373715485, 0.12098461717555192, 0.5359797882683381]
[-0.39864849093442145, 0.0042277608543714205, 0.9169731968126236, -0.014888352531562291]
Quaternion in openCV Convention: 
 [ 0.65242769  0.66289755 -0.26945746 -0.24959478]
Rotation in openCV Convention: 
 [[-0.02408104  0.73047513 -0.6825146   0.        ]
 [ 0.99949586  0.00346149 -0.03156029  0.        ]
 [-0.02069149 -0.68293052 -0.73019022  0.        ]
 [ 0.          0.          0.          1.        ]]
-----------------------------------
------------------------------------
Translation mean : 
[1.19474268 0.12141217 0.53530034]
()
Rotation mean : 
[-0.39818037  0.00467175  0.91717002 -0.01515323]
()
Current values
[1.1946486191193224, 0.12112381520840243, 0.5361132333089786]
[-0.3987507515741231, 0.004351053166889961, 0.9169266016442391, -0.014983779648589525]
Quaternion in openCV Convention: 
 [ 0.65243445  0.66291594 -0.26940731 -0.24958233]
Rotation in openCV Convention: 
 [[-0.02407579  0.73053986 -0.68244551  0.        ]
 [ 0.99949711  0.00349787 -0.03151658  0.        ]
 [-0.02063702 -0.6828611  -0.73025669  0.        ]
 [ 0.          0.          0.          1.        ]]
-----------------------------------
------------------------------------
Translation mean : 
[1.19473937 0.12139524 0.535349  ]
()
Rotation mean : 
[-0.39821253  0.00466088  0.91715631 -0.015141  ]
()
Current values
[1.1946930635092396, 0.12115828000598725, 0.5360302845670478]
[-0.3986627375897407, 0.004508804695052833, 0.9169643402655984, -0.014969669968018656]
Quaternion in openCV Convention: 
 [ 0.65244436  0.66292448 -0.26937283 -0.24957095]
Rotation in openCV Convention: 
 [[-0.02406128  0.73058749 -0.68239502  0.        ]
 [ 0.99949805  0.00350915 -0.03148537  0.        ]
 [-0.02060819 -0.68281007 -0.73030521  0.        ]
 [ 0.          0.          0.          1.        ]]
-----------------------------------
------------------------------------
Translation mean : 
[1.19473648 0.12138043 0.53539158]
()
Rotation mean : 
[-0.39824067  0.00465138  0.91714431 -0.01513029]
()
Current values
[1.1946930635092396, 0.12115828000598725, 0.5360302845670478]
[-0.3986627375897407, 0.004508804695052833, 0.9169643402655984, -0.014969669968018656]
Quaternion in openCV Convention: 
 [ 0.65245304  0.66293194 -0.26934265 -0.24956099]
Rotation in openCV Convention: 
 [[-0.02404858  0.73062917 -0.68235085  0.        ]
 [ 0.99949888  0.00351902 -0.03145806  0.        ]
 [-0.02058297 -0.68276543 -0.73034767  0.        ]
 [ 0.          0.          0.          1.        ]]
-----------------------------------
------------------------------------
Translation mean : 
[1.19473392 0.12136737 0.53542916]
()
Rotation mean : 
[-0.3982655   0.00464299  0.91713372 -0.01512084]
()
Current values
[1.1946930635092396, 0.12115828000598725, 0.5360302845670478]
[-0.3986627375897407, 0.004508804695052833, 0.9169643402655984, -0.014969669968018656]
Quaternion in openCV Convention: 
 [ 0.65246069  0.66293853 -0.26931603 -0.2495522 ]
Rotation in openCV Convention: 
 [[-0.02403738  0.73066594 -0.68231187  0.        ]
 [ 0.99949961  0.00352773 -0.03143396  0.        ]
 [-0.02056071 -0.68272603 -0.73038512  0.        ]
 [ 0.          0.          0.          1.        ]]
-----------------------------------
------------------------------------
Translation mean : 
[1.19473165 0.12135575 0.53546255]
()
Rotation mean : 
[-0.39828757  0.00463554  0.91712431 -0.01511244]
()
Current values
[1.1946930635092396, 0.12115828000598725, 0.5360302845670478]
[-0.3986627375897407, 0.004508804695052833, 0.9169643402655984, -0.014969669968018656]
Quaternion in openCV Convention: 
 [ 0.65246749  0.66294439 -0.26929236 -0.24954438]
Rotation in openCV Convention: 
 [[-0.02402743  0.73069863 -0.68227721  0.        ]
 [ 0.99950025  0.00353547 -0.03141254  0.        ]
 [-0.02054093 -0.68269101 -0.73041841  0.        ]
 [ 0.          0.          0.          1.        ]]
-----------------------------------
------------------------------------
Translation mean : 
[1.19472962 0.12134536 0.53549243]
()
Rotation mean : 
[-0.39830731  0.00462887  0.91711589 -0.01510493]
()
Current values
[1.1946930635092396, 0.12115828000598725, 0.5360302845670478]
[-0.3986627375897407, 0.004508804695052833, 0.9169643402655984, -0.014969669968018656]
Quaternion in openCV Convention: 
 [ 0.65247357  0.66294963 -0.26927119 -0.24953739]
Rotation in openCV Convention: 
 [[-0.02401852  0.73072787 -0.68224621  0.        ]
 [ 0.99950083  0.00354239 -0.03139337  0.        ]
 [-0.02052323 -0.68265967 -0.7304482   0.        ]
 [ 0.          0.          0.          1.        ]]
-----------------------------------
------------------------------------
Translation mean : 
[1.1947278  0.121336   0.53551932]
()
Rotation mean : 
[-0.39832508  0.00462286  0.91710832 -0.01509817]
()
Current values
[1.1946930635092396, 0.12115828000598725, 0.5360302845670478]
[-0.3986627375897407, 0.004508804695052833, 0.9169643402655984, -0.014969669968018656]
Quaternion in openCV Convention: 
 [ 0.65247905  0.66295435 -0.26925213 -0.2495311 ]
Rotation in openCV Convention: 
 [[-0.0240105   0.73075419 -0.6822183   0.        ]
 [ 0.99950135  0.00354862 -0.03137612  0.        ]
 [-0.02050729 -0.68263147 -0.730475    0.        ]
 [ 0.          0.          0.          1.        ]]
-----------------------------------
------------------------------------
Translation mean : 
[1.19472609 0.12132748 0.53554359]
()
Rotation mean : 
[-0.39834115  0.00461738  0.91710146 -0.015092  ]
()
Current values
[1.1946920036199908, 0.12115698791532506, 0.5360289450418214]
[-0.3986625624257389, 0.004507647477023635, 0.9169644372477626, -0.014968742674693381]
Quaternion in openCV Convention: 
 [ 0.652484    0.66295862 -0.26923485 -0.24952546]
Rotation in openCV Convention: 
 [[-0.02400321  0.73077798 -0.68219307  0.        ]
 [ 0.99950182  0.00355432 -0.03136038  0.        ]
 [-0.02049274 -0.68260597 -0.73049924  0.        ]
 [ 0.          0.          0.          1.        ]]
-----------------------------------
------------------------------------
Translation mean : 
[1.19472454 0.12131973 0.53556565]
()
Rotation mean : 
[-0.39835576  0.00461239  0.91709524 -0.0150864 ]
()
Current values
[1.1946920036199908, 0.12115698791532506, 0.5360289450418214]
[-0.3986625624257389, 0.004507647477023635, 0.9169644372477626, -0.014968742674693381]
Quaternion in openCV Convention: 
 [ 0.6524885   0.6629625  -0.26921913 -0.24952034]
Rotation in openCV Convention: 
 [[-0.02399659  0.73079962 -0.68217013  0.        ]
 [ 0.99950225  0.00355951 -0.03134608  0.        ]
 [-0.02047951 -0.68258278 -0.73052128  0.        ]
 [ 0.          0.          0.          1.        ]]
-----------------------------------
------------------------------------
Translation mean : 
[1.19472313 0.12131265 0.5355858 ]
()
Rotation mean : 
[-0.3983691   0.00460784  0.91708955 -0.01508128]
()
Current values
[1.1946920036199908, 0.12115698791532506, 0.5360289450418214]
[-0.3986625624257389, 0.004507647477023635, 0.9169644372477626, -0.014968742674693381]
Quaternion in openCV Convention: 
 [ 0.6524926   0.66296605 -0.26920478 -0.24951566]
Rotation in openCV Convention: 
 [[-0.02399054  0.73081937 -0.68214918  0.        ]
 [ 0.99950265  0.00356424 -0.03133302  0.        ]
 [-0.02046744 -0.68256161 -0.7305414   0.        ]
 [ 0.          0.          0.          1.        ]]
-----------------------------------
------------------------------------
Translation mean : 
[1.19472183 0.12130617 0.53560426]
()
Rotation mean : 
[-0.39838133  0.00460366  0.91708434 -0.01507659]
()
Current values
[1.1946920036199908, 0.12115698791532506, 0.5360289450418214]
[-0.3986625624257389, 0.004507647477023635, 0.9169644372477626, -0.014968742674693381]
Quaternion in openCV Convention: 
 [ 0.65249637  0.6629693  -0.26919163 -0.24951137]
Rotation in openCV Convention: 
 [[-0.023985    0.73083747 -0.68212998  0.        ]
 [ 0.99950301  0.00356858 -0.03132105  0.        ]
 [-0.02045636 -0.6825422  -0.73055984  0.        ]
 [ 0.          0.          0.          1.        ]]
-----------------------------------
------------------------------------
Translation mean : 
[1.19472064 0.1213002  0.53562125]
()
Rotation mean : 
[-0.39839258  0.00459982  0.91707954 -0.01507228]
()
Current values
[1.1946920036199908, 0.12115698791532506, 0.5360289450418214]
[-0.3986625624257389, 0.004507647477023635, 0.9169644372477626, -0.014968742674693381]
Quaternion in openCV Convention: 
 [ 0.65249983  0.66297229 -0.26917953 -0.24950743]
Rotation in openCV Convention: 
 [[-0.02397989  0.73085413 -0.68211231  0.        ]
 [ 0.99950334  0.00357257 -0.03131003  0.        ]
 [-0.02044618 -0.68252434 -0.73057681  0.        ]
 [ 0.          0.          0.          1.        ]]
-----------------------------------
------------------------------------
Translation mean : 
[1.19471954 0.12129469 0.53563693]
()
Rotation mean : 
[-0.39840296  0.00459628  0.91707511 -0.0150683 ]
()
Current values
[1.1946920036199908, 0.12115698791532506, 0.5360289450418214]
[-0.3986625624257389, 0.004507647477023635, 0.9169644372477626, -0.014968742674693381]
Quaternion in openCV Convention: 
 [ 0.65250303  0.66297505 -0.26916836 -0.24950379]
Rotation in openCV Convention: 
 [[-0.02397519  0.7308695  -0.68209601  0.        ]
 [ 0.99950364  0.00357625 -0.03129987  0.        ]
 [-0.02043677 -0.68250786 -0.73059247  0.        ]
 [ 0.          0.          0.          1.        ]]
-----------------------------------
------------------------------------
Translation mean : 
[1.19471852 0.12128959 0.53565145]
()
Rotation mean : 
[-0.39841258  0.00459299  0.91707101 -0.01506461]
()
Current values
[1.1946920036199908, 0.12115698791532506, 0.5360289450418214]
[-0.3986625624257389, 0.004507647477023635, 0.9169644372477626, -0.014968742674693381]
Quaternion in openCV Convention: 
 [ 0.65250599  0.6629776  -0.26915802 -0.24950042]
Rotation in openCV Convention: 
 [[-0.02397083  0.73088374 -0.68208091  0.        ]
 [ 0.99950392  0.00357966 -0.03129045  0.        ]
 [-0.02042807 -0.6824926  -0.73060697  0.        ]
 [ 0.          0.          0.          1.        ]]
-----------------------------------
------------------------------------
Translation mean : 
[1.19471757 0.12128486 0.53566493]
()
Rotation mean : 
[-0.39842151  0.00458995  0.91706721 -0.01506119]
()
Current values
[1.1946920036199908, 0.12115698791532506, 0.5360289450418214]
[-0.3986625624257389, 0.004507647477023635, 0.9169644372477626, -0.014968742674693381]
Quaternion in openCV Convention: 
 [ 0.65250874  0.66297998 -0.26914842 -0.24949728]
Rotation in openCV Convention: 
 [[-0.02396678  0.73089695 -0.68206689  0.        ]
 [ 0.99950419  0.00358283 -0.03128171  0.        ]
 [-0.02041998 -0.68247843 -0.73062043  0.        ]
 [ 0.          0.          0.          1.        ]]
-----------------------------------
------------------------------------
Translation mean : 
[1.19471669 0.12128045 0.53567748]
()
Rotation mean : 
[-0.39842982  0.00458711  0.91706366 -0.015058  ]
()
Current values
[1.1946920036199908, 0.12115698791532506, 0.5360289450418214]
[-0.3986625624257389, 0.004507647477023635, 0.9169644372477626, -0.014968742674693381]
Quaternion in openCV Convention: 
 [ 0.6525113   0.66298219 -0.26913948 -0.24949437]
Rotation in openCV Convention: 
 [[-0.02396301  0.73090926 -0.68205383  0.        ]
 [ 0.99950443  0.00358577 -0.03127357  0.        ]
 [-0.02041245 -0.68246523 -0.73063297  0.        ]
 [ 0.          0.          0.          1.        ]]
-----------------------------------
------------------------------------
Translation mean : 
[1.19471587 0.12127633 0.5356892 ]
()
Rotation mean : 
[-0.39843758  0.00458446  0.91706036 -0.01505502]
()
Current values
[1.1946920036199908, 0.12115698791532506, 0.5360289450418214]
[-0.3986625624257389, 0.004507647477023635, 0.9169644372477626, -0.014968742674693381]
Quaternion in openCV Convention: 
 [ 0.65251368  0.66298425 -0.26913113 -0.24949165]
Rotation in openCV Convention: 
 [[-0.02395949  0.73092074 -0.68204165  0.        ]
 [ 0.99950466  0.00358852 -0.03126598  0.        ]
 [-0.02040543 -0.68245292 -0.73064467  0.        ]
 [ 0.          0.          0.          1.        ]]
-----------------------------------
------------------------------------
Translation mean : 
[1.1947151  0.12127248 0.53570016]
()
Rotation mean : 
[-0.39844483  0.00458198  0.91705726 -0.01505224]
()
Current values
[1.1946920036199908, 0.12115698791532506, 0.5360289450418214]
[-0.3986625624257389, 0.004507647477023635, 0.9169644372477626, -0.014968742674693381]
Quaternion in openCV Convention: 
 [ 0.65251592  0.66298618 -0.26912333 -0.2494891 ]
Rotation in openCV Convention: 
 [[-0.0239562   0.73093149 -0.68203025  0.        ]
 [ 0.99950487  0.0035911  -0.03125887  0.        ]
 [-0.02039886 -0.6824414  -0.73065561  0.        ]
 [ 0.          0.          0.          1.        ]]
-----------------------------------
------------------------------------
Translation mean : 
[1.19471437 0.12126887 0.53571043]
()
Rotation mean : 
[-0.39845164  0.00457966  0.91705436 -0.01504963]
()
Current values
[1.1946920036199908, 0.12115698791532506, 0.5360289450418214]
[-0.3986625624257389, 0.004507647477023635, 0.9169644372477626, -0.014968742674693381]
Quaternion in openCV Convention: 
 [ 0.65251801  0.66298799 -0.26911601 -0.24948672]
Rotation in openCV Convention: 
 [[-0.02395312  0.73094156 -0.68201956  0.        ]
 [ 0.99950507  0.00359351 -0.03125221  0.        ]
 [-0.02039269 -0.6824306  -0.73066587  0.        ]
 [ 0.          0.          0.          1.        ]]
-----------------------------------
------------------------------------
Translation mean : 
[1.1947137  0.12126548 0.53572008]
()
Rotation mean : 
[-0.39845803  0.00457748  0.91705164 -0.01504718]
()
Current values
[1.1946920036199908, 0.12115698791532506, 0.5360289450418214]
[-0.3986625624257389, 0.004507647477023635, 0.9169644372477626, -0.014968742674693381]
Quaternion in openCV Convention: 
 [ 0.65251998  0.66298969 -0.26910913 -0.24948447]
Rotation in openCV Convention: 
 [[-0.02395022  0.73095102 -0.68200952  0.        ]
 [ 0.99950526  0.00359578 -0.03124595  0.        ]
 [-0.02038691 -0.68242045 -0.73067551  0.        ]
 [ 0.          0.          0.          1.        ]]
-----------------------------------
------------------------------------
Translation mean : 
[1.19471306 0.12126229 0.53572917]
()
Rotation mean : 
[-0.39846405  0.00457542  0.91704907 -0.01504487]
()
Current values
[1.1946920036199908, 0.12115698791532506, 0.5360289450418214]
[-0.3986625624257389, 0.004507647477023635, 0.9169644372477626, -0.014968742674693381]
Quaternion in openCV Convention: 
 [ 0.65252183  0.66299128 -0.26910266 -0.24948237]
Rotation in openCV Convention: 
 [[-0.02394749  0.73095993 -0.68200007  0.        ]
 [ 0.99950543  0.00359791 -0.03124006  0.        ]
 [-0.02038146 -0.6824109  -0.73068458  0.        ]
 [ 0.          0.          0.          1.        ]]
-----------------------------------
------------------------------------
Translation mean : 
[1.19471246 0.12125928 0.53573773]
()
Rotation mean : 
[-0.39846972  0.00457349  0.91704665 -0.0150427 ]
()
Current values
[1.1946920036199908, 0.12115698791532506, 0.5360289450418214]
[-0.3986625624257389, 0.004507647477023635, 0.9169644372477626, -0.014968742674693381]
Quaternion in openCV Convention: 
 [ 0.65252358  0.66299279 -0.26909656 -0.24948038]
Rotation in openCV Convention: 
 [[-0.02394492  0.73096832 -0.68199116  0.        ]
 [ 0.9995056   0.00359992 -0.03123451  0.        ]
 [-0.02037632 -0.6824019  -0.73069313  0.        ]
 [ 0.          0.          0.          1.        ]]
-----------------------------------
------------------------------------
Translation mean : 
[1.19471189 0.12125644 0.53574582]
()
Rotation mean : 
[-0.39847507  0.00457166  0.91704437 -0.01504064]
()
Current values
[1.1946920036199908, 0.12115698791532506, 0.5360289450418214]
[-0.3986625624257389, 0.004507647477023635, 0.9169644372477626, -0.014968742674693381]
Quaternion in openCV Convention: 
 [ 0.65252523  0.66299422 -0.2690908  -0.2494785 ]
Rotation in openCV Convention: 
 [[-0.0239425   0.73097625 -0.68198275  0.        ]
 [ 0.99950576  0.00360182 -0.03122926  0.        ]
 [-0.02037147 -0.68239339 -0.73070121  0.        ]
 [ 0.          0.          0.          1.        ]]
-----------------------------------
------------------------------------
Translation mean : 
[1.19471135 0.12125375 0.53575347]
()
Rotation mean : 
[-0.39848014  0.00456993  0.91704221 -0.0150387 ]
()
Current values
[1.1946920036199908, 0.12115698791532506, 0.5360289450418214]
[-0.3986625624257389, 0.004507647477023635, 0.9169644372477626, -0.014968742674693381]
Quaternion in openCV Convention: 
 [ 0.65252679  0.66299556 -0.26908535 -0.24947672]
Rotation in openCV Convention: 
 [[-0.0239402   0.73098376 -0.68197479  0.        ]
 [ 0.99950591  0.00360362 -0.0312243   0.        ]
 [-0.02036688 -0.68238535 -0.73070885  0.        ]
 [ 0.          0.          0.          1.        ]]
-----------------------------------
------------------------------------
Translation mean : 
[1.19523191 0.12075701 0.53463554]
()
Rotation mean : 
[-0.39806763  0.00470167  0.9172195  -0.0146192 ]
()
Current values
[1.2144926643642107, 0.1023774013587687, 0.49327176797486094]
[-0.38280489510497645, 0.00957621906285092, 0.9237791369165835, 0.0009025019558491265]
Quaternion in openCV Convention: 
 [ 0.6526848   0.66260233 -0.26923636 -0.2499155 ]
Rotation in openCV Convention: 
 [[-0.0230752   0.73037902 -0.6826522   0.        ]
 [ 0.99952834  0.00301397 -0.03056164  0.        ]
 [-0.02026409 -0.68303544 -0.73010407  0.        ]
 [ 0.          0.          0.          1.        ]]
-----------------------------------
------------------------------------
Translation mean : 
[1.19572578 0.12028573 0.53357493]
()
Rotation mean : 
[-0.39767628  0.00482666  0.91738769 -0.0142212 ]
()
Current values
[1.2144926643642107, 0.1023774013587687, 0.49327176797486094]
[-0.38280489510497645, 0.00957621906285092, 0.9237791369165835, 0.0009025019558491265]
Quaternion in openCV Convention: 
 [ 0.65283472  0.66222926 -0.26937964 -0.25033177]
Rotation in openCV Convention: 
 [[-0.02225444  0.72980427 -0.68329384  0.        ]
 [ 0.99954891  0.0024551  -0.02993244  0.        ]
 [-0.02016727 -0.68365174 -0.72952969  0.        ]
 [ 0.          0.          0.          1.        ]]
-----------------------------------
------------------------------------
Translation mean : 
[1.19619495 0.11983803 0.53256735]
()
Rotation mean : 
[-0.3973045   0.0049454   0.91754748 -0.01384311]
()
Current values
[1.2144926643642107, 0.1023774013587687, 0.49327176797486094]
[-0.38280489510497645, 0.00957621906285092, 0.9237791369165835, 0.0009025019558491265]
Quaternion in openCV Convention: 
 [ 0.65297713  0.66187484 -0.26951575 -0.25072724]
Rotation in openCV Convention: 
 [[-0.02147462  0.72925733 -0.68390247  0.        ]
 [ 0.99956781  0.00192466 -0.02933424  0.        ]
 [-0.02007593 -0.68423683 -0.72898348  0.        ]
 [ 0.          0.          0.          1.        ]]
-----------------------------------
------------------------------------
Translation mean : 
[1.19570335 0.11906339 0.53337624]
()
Rotation mean : 
[-0.39693663  0.00505928  0.9177053  -0.01345317]
()
Current values
[1.1760394401848757, 0.08807804159736846, 0.5657318498162012]
[-0.382221922023066, 0.009614578581943202, 0.9240180536686681, 0.0021444575190469315]
Quaternion in openCV Convention: 
 [ 0.65312402  0.66151791 -0.26964056 -0.25112811]
Rotation in openCV Convention: 
 [[-0.02067673  0.72871551 -0.68450433  0.        ]
 [ 0.99958681  0.00139433 -0.02871     0.        ]
 [-0.019967   -0.68481513 -0.72844324  0.        ]
 [ 0.          0.          0.          1.        ]]
-----------------------------------
------------------------------------
Translation mean : 
[1.19523516 0.11832565 0.53414661]
()
Rotation mean : 
[-0.39658628  0.00516774  0.9178556  -0.0130818 ]
()
Current values
[1.1760394401848757, 0.08807804159736846, 0.5657318498162012]
[-0.382221922023066, 0.009614578581943202, 0.9240180536686681, 0.0021444575190469315]
Quaternion in openCV Convention: 
 [ 0.65326391  0.66117797 -0.26975943 -0.25150989]
Rotation in openCV Convention: 
 [[-1.99167388e-02  7.28198653e-01 -6.85076671e-01  0.00000000e+00]
 [ 9.99604297e-01  8.89698911e-04 -2.81150724e-02  0.00000000e+00]
 [-1.98638459e-02 -6.85365545e-01 -7.27928223e-01  0.00000000e+00]
 [ 0.00000000e+00  0.00000000e+00  0.00000000e+00  1.00000000e+00]]
-----------------------------------
------------------------------------
Translation mean : 
[1.19478875 0.11762221 0.53488115]
()
Rotation mean : 
[-0.39625223  0.00527116  0.91799891 -0.0127277 ]
()
Current values
[1.1760394401848757, 0.08807804159736846, 0.5657318498162012]
[-0.382221922023066, 0.009614578581943202, 0.9240180536686681, 0.0021444575190469315]
Quaternion in openCV Convention: 
 [ 0.6533973   0.66085384 -0.26987277 -0.25187392]
Rotation in openCV Convention: 
 [[-1.91920023e-02  7.27705081e-01 -6.85621602e-01  0.00000000e+00]
 [ 9.99620414e-01  4.08957149e-04 -2.75474358e-02  0.00000000e+00]
 [-1.97660192e-02 -6.85890040e-01 -7.27436703e-01  0.00000000e+00]
 [ 0.00000000e+00  0.00000000e+00  0.00000000e+00  1.00000000e+00]]
-----------------------------------
------------------------------------
Translation mean : 
[1.19436263 0.11695075 0.5355823 ]
()
Rotation mean : 
[-0.39593335  0.00536987  0.91813571 -0.0123897 ]
()
Current values
[1.1760394401848757, 0.08807804159736846, 0.5657318498162012]
[-0.382221922023066, 0.009614578581943202, 0.9240180536686681, 0.0021444575190469315]
Quaternion in openCV Convention: 
 [ 0.65352462  0.66054445 -0.26998096 -0.2522214 ]
Rotation in openCV Convention: 
 [[-1.85001254e-02  7.27233256e-01 -6.86141047e-01  0.00000000e+00]
 [ 9.99635290e-01 -4.95553771e-05 -2.70052588e-02  0.00000000e+00]
 [-1.96731243e-02 -6.86390405e-01 -7.26967111e-01  0.00000000e+00]
 [ 0.00000000e+00  0.00000000e+00  0.00000000e+00  1.00000000e+00]]
-----------------------------------
------------------------------------
Translation mean : 
[1.19395545 0.11630914 0.53625229]
()
Rotation mean : 
[-0.39562866  0.0054642   0.91826643 -0.01206671]
()
Current values
[1.1760394401848757, 0.08807804159736846, 0.5657318498162012]
[-0.382221922023066, 0.009614578581943202, 0.9240180536686681, 0.0021444575190469315]
Quaternion in openCV Convention: 
 [ 0.65364629  0.6602488  -0.27008434 -0.25255343]
Rotation in openCV Convention: 
 [[-1.78389237e-02  7.26781774e-01 -6.86636750e-01  0.00000000e+00]
 [ 9.99649043e-01 -4.87344575e-04 -2.64868669e-02  0.00000000e+00]
 [-1.95848008e-02 -6.86868267e-01 -7.26518011e-01  0.00000000e+00]
 [ 0.00000000e+00  0.00000000e+00  0.00000000e+00  1.00000000e+00]]
-----------------------------------
------------------------------------
Translation mean : 
[1.19356597 0.11569542 0.53689315]
()
Rotation mean : 
[-0.39533721  0.00555442  0.91839147 -0.01175778]
()
Current values
[1.1760394401848757, 0.08807804159736846, 0.5657318498162012]
[-0.382221922023066, 0.009614578581943202, 0.9240180536686681, 0.0021444575190469315]
Quaternion in openCV Convention: 
 [ 0.65376266  0.65996601 -0.27018323 -0.25287103]
Rotation in openCV Convention: 
 [[-1.72064025e-02  7.26349348e-01 -6.87110300e-01  0.00000000e+00]
 [ 9.99661774e-01 -9.05783421e-04 -2.59907296e-02  0.00000000e+00]
 [-1.95007226e-02 -6.87325108e-01 -7.26088092e-01  0.00000000e+00]
 [ 0.00000000e+00  0.00000000e+00  0.00000000e+00  1.00000000e+00]]
-----------------------------------
------------------------------------
Translation mean : 
[1.19319306 0.11510782 0.53750674]
()
Rotation mean : 
[-0.39505816  0.00564081  0.91851118 -0.01146198]
()
Current values
[1.1760394401848757, 0.08807804159736846, 0.5657318498162012]
[-0.382221922023066, 0.009614578581943202, 0.9240180536686681, 0.0021444575190469315]
Quaternion in openCV Convention: 
 [ 0.65387408  0.65969526 -0.27027791 -0.25317512]
Rotation in openCV Convention: 
 [[-0.01660074  0.7259348  -0.68756315  0.        ]
 [ 0.99967357 -0.00130613 -0.02551544  0.        ]
 [-0.01942059 -0.68776229 -0.72567615  0.        ]
 [ 0.          0.          0.          1.        ]]
-----------------------------------
------------------------------------
Translation mean : 
[1.1928357  0.1145447  0.53809476]
()
Rotation mean : 
[-0.39479074  0.0057236   0.91862591 -0.01117852]
()
Current values
[1.1760394401848757, 0.08807804159736846, 0.5657318498162012]
[-0.382221922023066, 0.009614578581943202, 0.9240180536686681, 0.0021444575190469315]
Quaternion in openCV Convention: 
 [ 0.65398086  0.65943578 -0.27036864 -0.25346653]
Rotation in openCV Convention: 
 [[-0.01602025  0.72553704 -0.68799662  0.        ]
 [ 0.99968453 -0.00168952 -0.02505973  0.        ]
 [-0.01934414 -0.68818104 -0.72528109  0.        ]
 [ 0.          0.          0.          1.        ]]
-----------------------------------
------------------------------------
Translation mean : 
[1.19249292 0.11400456 0.53865879]
()
Rotation mean : 
[-0.39453423  0.005803    0.91873595 -0.01090662]
()
Current values
[1.1760394401848757, 0.08807804159736846, 0.5657318498162012]
[-0.382221922023066, 0.009614578581943202, 0.9240180536686681, 0.0021444575190469315]
Quaternion in openCV Convention: 
 [ 0.65408328  0.6591869  -0.27045567 -0.25374605]
Rotation in openCV Convention: 
 [[-0.01546341  0.72515507 -0.68841194  0.        ]
 [ 0.99969471 -0.00205702 -0.02462239  0.        ]
 [-0.01927113 -0.68858252 -0.72490188  0.        ]
 [ 0.          0.          0.          1.        ]]
-----------------------------------
------------------------------------
Translation mean : 
[1.19216385 0.11348603 0.53920025]
()
Rotation mean : 
[-0.39428798  0.00587923  0.91884159 -0.0106456 ]
()
Current values
[1.1760394401848757, 0.08807804159736846, 0.5657318498162012]
[-0.382221922023066, 0.009614578581943202, 0.9240180536686681, 0.0021444575190469315]
Quaternion in openCV Convention: 
 [ 0.65418161  0.65894797 -0.27053922 -0.25401439]
Rotation in openCV Convention: 
 [[-0.01492879  0.72478798 -0.68881022  0.        ]
 [ 0.99970418 -0.0024096  -0.02420234  0.        ]
 [-0.01920132 -0.68896776 -0.7245376   0.        ]
 [ 0.          0.          0.          1.        ]]
-----------------------------------
------------------------------------
Translation mean : 
[1.19184768 0.11298783 0.53972047]
()
Rotation mean : 
[-0.39405139  0.00595248  0.91894309 -0.01039481]
()
Current values
[1.1760394401848757, 0.08807804159736846, 0.5657318498162012]
[-0.382221922023066, 0.009614578581943202, 0.9240180536686681, 0.0021444575190469315]
Quaternion in openCV Convention: 
 [ 0.65427608  0.65871841 -0.27061949 -0.25427221]
Rotation in openCV Convention: 
 [[-0.0144151   0.72443491 -0.68919248  0.        ]
 [ 0.999713   -0.00274813 -0.02379859  0.        ]
 [-0.01913452 -0.68933773 -0.72418738  0.        ]
 [ 0.          0.          0.          1.        ]]
-----------------------------------
------------------------------------
Translation mean : 
[1.19154368 0.1125088  0.54022069]
()
Rotation mean : 
[-0.3938239   0.0060229   0.91904069 -0.01015367]
()
Current values
[1.1760394401848757, 0.08807804159736846, 0.5657318498162012]
[-0.382221922023066, 0.009614578581943202, 0.9240180536686681, 0.0021444575190469315]
Quaternion in openCV Convention: 
 [ 0.65436691  0.65849768 -0.27069668 -0.25452011]
Rotation in openCV Convention: 
 [[-0.01392113  0.72409507 -0.68955967  0.        ]
 [ 0.99972122 -0.00307346 -0.02341019  0.        ]
 [-0.01907053 -0.68969333 -0.72385042  0.        ]
 [ 0.          0.          0.          1.        ]]
-----------------------------------
------------------------------------
Translation mean : 
[1.19125115 0.11204784 0.54070204]
()
Rotation mean : 
[-0.393605    0.00609067  0.9191346  -0.00992163]
()
Current values
[1.1760394401848757, 0.08807804159736846, 0.5657318498162012]
[-0.382221922023066, 0.009614578581943202, 0.9240180536686681, 0.0021444575190469315]
Quaternion in openCV Convention: 
 [ 0.65445432  0.65828528 -0.27077095 -0.25475865]
Rotation in openCV Convention: 
 [[-0.01344576  0.72376773 -0.68991266  0.        ]
 [ 0.99972889 -0.00338633 -0.02303629  0.        ]
 [-0.01900919 -0.69003536 -0.72352598  0.        ]
 [ 0.          0.          0.          1.        ]]
-----------------------------------
------------------------------------
Translation mean : 
[1.19096945 0.11160396 0.54116555]
()
Rotation mean : 
[-0.3933942   0.00615593  0.91922504 -0.00969819]
()
Current values
[1.1760394401848757, 0.08807804159736846, 0.5657318498162012]
[-0.382221922023066, 0.009614578581943202, 0.9240180536686681, 0.0021444575190469315]
Quaternion in openCV Convention: 
 [ 0.65453849  0.65808075 -0.27084247 -0.25498836]
Rotation in openCV Convention: 
 [[-0.01298796  0.72345222 -0.69025227  0.        ]
 [ 0.99973606 -0.00368744 -0.02267609  0.        ]
 [-0.01895033 -0.6903646  -0.72321338  0.        ]
 [ 0.          0.          0.          1.        ]]
-----------------------------------
------------------------------------
Translation mean : 
[1.19069799 0.11117621 0.54161221]
()
Rotation mean : 
[-0.39319107  0.00621881  0.91931218 -0.00948286]
()
Current values
[1.1760394401848757, 0.08807804159736846, 0.5657318498162012]
[-0.382221922023066, 0.009614578581943202, 0.9240180536686681, 0.0021444575190469315]
Quaternion in openCV Convention: 
 [ 0.6546196   0.65788365 -0.27091139 -0.25520972]
Rotation in openCV Convention: 
 [[-0.01254679  0.72314791 -0.69057924  0.        ]
 [ 0.99974277 -0.00397745 -0.02232885  0.        ]
 [-0.01889381 -0.69068175 -0.72291199  0.        ]
 [ 0.          0.          0.          1.        ]]
-----------------------------------
------------------------------------
Translation mean : 
[1.19043623 0.11076374 0.54204292]
()
Rotation mean : 
[-0.39299519  0.00627945  0.91939621 -0.00927523]
()
Current values
[1.1760394401848757, 0.08807804159736846, 0.5657318498162012]
[-0.382221922023066, 0.009614578581943202, 0.9240180536686681, 0.0021444575190469315]
Quaternion in openCV Convention: 
 [ 0.65469781  0.65769359 -0.27097785 -0.25542317]
Rotation in openCV Convention: 
 [[-0.01212134  0.72285421 -0.69089425  0.        ]
 [ 0.99974904 -0.00425696 -0.02199389  0.        ]
 [-0.01883949 -0.69098746 -0.7226212   0.        ]
 [ 0.          0.          0.          1.        ]]
-----------------------------------
------------------------------------
Translation mean : 
[1.19055994 0.11094161 0.54194499]
()
Rotation mean : 
[-0.39307177  0.00626061  0.9193636  -0.00936248]
()
Current values
[1.1974875790350397, 0.12090192032432934, 0.5364607943729705]
[-0.39736022324318154, 0.005205579505787144, 0.91753732283446, -0.014248372956585141]
Quaternion in openCV Convention: 
 [ 0.65466675  0.65776862 -0.27095746 -0.25533437]
Rotation in openCV Convention: 
 [[-0.01229501  0.72296897 -0.69077109  0.        ]
 [ 0.99974626 -0.00415187 -0.02213985  0.        ]
 [-0.01887442 -0.69086802 -0.72273448  0.        ]
 [ 0.          0.          0.          1.        ]]
-----------------------------------
------------------------------------
Translation mean : 
[1.19067938 0.11111334 0.54185043]
()
Rotation mean : 
[-0.39314571  0.00624242  0.91933211 -0.00944672]
()
Current values
[1.1974875790350397, 0.12090192032432934, 0.5364607943729705]
[-0.39736022324318154, 0.005205579505787144, 0.91753732283446, -0.014248372956585141]
Quaternion in openCV Convention: 
 [ 0.65463676  0.65784106 -0.27093777 -0.25524863]
Rotation in openCV Convention: 
