------------------------------------
Translation mean : 
[1.22227619 0.0939433  0.32467604]
()
Rotation mean : 
[-0.14938735  0.00218805  0.98872316 -0.01025438]
()
Current values
[1.2222761855898683, 0.09394329714232656, 0.3246760447473149]
[-0.1493873454104275, 0.002188049813938506, 0.9887231569796435, -0.010254380597789953]
Quaternion in openCV Convention: 
 [ 0.56502209  0.57308842 -0.42588912 -0.41344669]
Rotation in openCV Convention: 
 [[-0.01962375  0.29545033 -0.95515654  0.        ]
 [ 0.99978012 -0.001263   -0.02093122  0.        ]
 [-0.0073905  -0.95535727 -0.29536058  0.        ]
 [ 0.          0.          0.          1.        ]]
-----------------------------------
------------------------------------
Translation mean : 
[1.22227619 0.0939433  0.32467604]
()
Rotation mean : 
[-0.14938735  0.00218805  0.98872316 -0.01025438]
()
Current values
[1.2222761855898683, 0.09394329714232656, 0.3246760447473149]
[-0.1493873454104275, 0.002188049813938506, 0.9887231569796435, -0.010254380597789953]
Quaternion in openCV Convention: 
 [ 0.56502209  0.57308842 -0.42588912 -0.41344669]
Rotation in openCV Convention: 
 [[-0.01962375  0.29545033 -0.95515654  0.        ]
 [ 0.99978012 -0.001263   -0.02093122  0.        ]
 [-0.0073905  -0.95535727 -0.29536058  0.        ]
 [ 0.          0.          0.          1.        ]]
-----------------------------------
------------------------------------
Translation mean : 
[1.22227619 0.0939433  0.32467604]
()
Rotation mean : 
[-0.14938735  0.00218805  0.98872316 -0.01025438]
()
Current values
[1.2222761855898683, 0.09394329714232656, 0.3246760447473149]
[-0.1493873454104275, 0.002188049813938506, 0.9887231569796435, -0.010254380597789953]
Quaternion in openCV Convention: 
 [ 0.56502209  0.57308842 -0.42588912 -0.41344669]
Rotation in openCV Convention: 
 [[-0.01962375  0.29545033 -0.95515654  0.        ]
 [ 0.99978012 -0.001263   -0.02093122  0.        ]
 [-0.0073905  -0.95535727 -0.29536058  0.        ]
 [ 0.          0.          0.          1.        ]]
-----------------------------------
------------------------------------
Translation mean : 
[1.22227619 0.0939433  0.32467604]
()
Rotation mean : 
[-0.14938735  0.00218805  0.98872316 -0.01025438]
()
Current values
[1.2222761855898683, 0.09394329714232656, 0.3246760447473149]
[-0.1493873454104275, 0.002188049813938506, 0.9887231569796435, -0.010254380597789953]
Quaternion in openCV Convention: 
 [ 0.56502209  0.57308842 -0.42588912 -0.41344669]
Rotation in openCV Convention: 
 [[-0.01962375  0.29545033 -0.95515654  0.        ]
 [ 0.99978012 -0.001263   -0.02093122  0.        ]
 [-0.0073905  -0.95535727 -0.29536058  0.        ]
 [ 0.          0.          0.          1.        ]]
-----------------------------------
------------------------------------
Translation mean : 
[1.22227619 0.0939433  0.32467604]
()
Rotation mean : 
[-0.14938735  0.00218805  0.98872316 -0.01025438]
()
Current values
[1.2222761855898683, 0.09394329714232656, 0.3246760447473149]
[-0.1493873454104275, 0.002188049813938506, 0.9887231569796435, -0.010254380597789953]
Quaternion in openCV Convention: 
 [ 0.56502209  0.57308842 -0.42588912 -0.41344669]
Rotation in openCV Convention: 
 [[-0.01962375  0.29545033 -0.95515654  0.        ]
 [ 0.99978012 -0.001263   -0.02093122  0.        ]
 [-0.0073905  -0.95535727 -0.29536058  0.        ]
 [ 0.          0.          0.          1.        ]]
-----------------------------------
------------------------------------
Translation mean : 
[1.22227619 0.0939433  0.32467604]
()
Rotation mean : 
[-0.14938735  0.00218805  0.98872316 -0.01025438]
()
Current values
[1.2222761855898683, 0.09394329714232656, 0.3246760447473149]
[-0.1493873454104275, 0.002188049813938506, 0.9887231569796435, -0.010254380597789953]
Quaternion in openCV Convention: 
 [ 0.56502209  0.57308842 -0.42588912 -0.41344669]
Rotation in openCV Convention: 
 [[-0.01962375  0.29545033 -0.95515654  0.        ]
 [ 0.99978012 -0.001263   -0.02093122  0.        ]
 [-0.0073905  -0.95535727 -0.29536058  0.        ]
 [ 0.          0.          0.          1.        ]]
-----------------------------------
------------------------------------
Translation mean : 
[1.22227619 0.0939433  0.32467604]
()
Rotation mean : 
[-0.14938735  0.00218805  0.98872316 -0.01025438]
()
Current values
[1.2222761855898683, 0.09394329714232656, 0.3246760447473149]
[-0.1493873454104275, 0.002188049813938506, 0.9887231569796435, -0.010254380597789953]
Quaternion in openCV Convention: 
 [ 0.56502209  0.57308842 -0.42588912 -0.41344669]
Rotation in openCV Convention: 
 [[-0.01962375  0.29545033 -0.95515654  0.        ]
 [ 0.99978012 -0.001263   -0.02093122  0.        ]
 [-0.0073905  -0.95535727 -0.29536058  0.        ]
 [ 0.          0.          0.          1.        ]]
-----------------------------------
------------------------------------
Translation mean : 
[1.22227619 0.0939433  0.32467604]
()
Rotation mean : 
[-0.14938735  0.00218805  0.98872316 -0.01025438]
()
Current values
[1.2222761855898683, 0.09394329714232656, 0.3246760447473149]
[-0.1493873454104275, 0.002188049813938506, 0.9887231569796435, -0.010254380597789953]
Quaternion in openCV Convention: 
 [ 0.56502209  0.57308842 -0.42588912 -0.41344669]
Rotation in openCV Convention: 
 [[-0.01962375  0.29545033 -0.95515654  0.        ]
 [ 0.99978012 -0.001263   -0.02093122  0.        ]
 [-0.0073905  -0.95535727 -0.29536058  0.        ]
 [ 0.          0.          0.          1.        ]]
-----------------------------------
------------------------------------
Translation mean : 
[1.22227619 0.0939433  0.32467604]
()
Rotation mean : 
[-0.14938735  0.00218805  0.98872316 -0.01025438]
()
Current values
[1.2222761855898683, 0.09394329714232656, 0.3246760447473149]
[-0.1493873454104275, 0.002188049813938506, 0.9887231569796435, -0.010254380597789953]
Quaternion in openCV Convention: 
 [ 0.56502209  0.57308842 -0.42588912 -0.41344669]
Rotation in openCV Convention: 
 [[-0.01962375  0.29545033 -0.95515654  0.        ]
 [ 0.99978012 -0.001263   -0.02093122  0.        ]
 [-0.0073905  -0.95535727 -0.29536058  0.        ]
 [ 0.          0.          0.          1.        ]]
-----------------------------------
------------------------------------
Translation mean : 
[1.22227619 0.0939433  0.32467604]
()
Rotation mean : 
[-0.14938735  0.00218805  0.98872316 -0.01025438]
()
Current values
[1.2222761855898683, 0.09394329714232656, 0.3246760447473149]
[-0.1493873454104275, 0.002188049813938506, 0.9887231569796435, -0.010254380597789953]
Quaternion in openCV Convention: 
 [ 0.56502209  0.57308842 -0.42588912 -0.41344669]
Rotation in openCV Convention: 
 [[-0.01962375  0.29545033 -0.95515654  0.        ]
 [ 0.99978012 -0.001263   -0.02093122  0.        ]
 [-0.0073905  -0.95535727 -0.29536058  0.        ]
 [ 0.          0.          0.          1.        ]]
-----------------------------------
------------------------------------
Translation mean : 
[1.22227619 0.0939433  0.32467604]
()
Rotation mean : 
[-0.14938735  0.00218805  0.98872316 -0.01025438]
()
Current values
[1.2222761855898683, 0.09394329714232656, 0.3246760447473149]
[-0.1493873454104275, 0.002188049813938506, 0.9887231569796435, -0.010254380597789953]
Quaternion in openCV Convention: 
 [ 0.56502209  0.57308842 -0.42588912 -0.41344669]
Rotation in openCV Convention: 
 [[-0.01962375  0.29545033 -0.95515654  0.        ]
 [ 0.99978012 -0.001263   -0.02093122  0.        ]
 [-0.0073905  -0.95535727 -0.29536058  0.        ]
 [ 0.          0.          0.          1.        ]]
-----------------------------------
------------------------------------
Translation mean : 
[1.22227619 0.0939433  0.32467604]
()
Rotation mean : 
[-0.14938735  0.00218805  0.98872316 -0.01025438]
()
Current values
[1.2222761855898683, 0.09394329714232656, 0.3246760447473149]
[-0.1493873454104275, 0.002188049813938506, 0.9887231569796435, -0.010254380597789953]
Quaternion in openCV Convention: 
 [ 0.56502209  0.57308842 -0.42588912 -0.41344669]
Rotation in openCV Convention: 
 [[-0.01962375  0.29545033 -0.95515654  0.        ]
 [ 0.99978012 -0.001263   -0.02093122  0.        ]
 [-0.0073905  -0.95535727 -0.29536058  0.        ]
 [ 0.          0.          0.          1.        ]]
-----------------------------------
------------------------------------
Translation mean : 
[1.22227619 0.0939433  0.32467604]
()
Rotation mean : 
[-0.14938735  0.00218805  0.98872316 -0.01025438]
()
Current values
[1.2222761855898683, 0.09394329714232656, 0.3246760447473149]
[-0.1493873454104275, 0.002188049813938506, 0.9887231569796435, -0.010254380597789953]
Quaternion in openCV Convention: 
 [ 0.56502209  0.57308842 -0.42588912 -0.41344669]
Rotation in openCV Convention: 
 [[-0.01962375  0.29545033 -0.95515654  0.        ]
 [ 0.99978012 -0.001263   -0.02093122  0.        ]
 [-0.0073905  -0.95535727 -0.29536058  0.        ]
 [ 0.          0.          0.          1.        ]]
-----------------------------------
------------------------------------
Translation mean : 
[1.22227619 0.0939433  0.32467604]
()
Rotation mean : 
[-0.14938735  0.00218805  0.98872316 -0.01025438]
()
Current values
[1.2222761855898683, 0.09394329714232656, 0.3246760447473149]
[-0.1493873454104275, 0.002188049813938506, 0.9887231569796435, -0.010254380597789953]
Quaternion in openCV Convention: 
 [ 0.56502209  0.57308842 -0.42588912 -0.41344669]
Rotation in openCV Convention: 
 [[-0.01962375  0.29545033 -0.95515654  0.        ]
 [ 0.99978012 -0.001263   -0.02093122  0.        ]
 [-0.0073905  -0.95535727 -0.29536058  0.        ]
 [ 0.          0.          0.          1.        ]]
-----------------------------------
------------------------------------
Translation mean : 
[1.22227619 0.0939433  0.32467604]
()
Rotation mean : 
[-0.14938735  0.00218805  0.98872316 -0.01025438]
()
Current values
[1.2222761855898683, 0.09394329714232656, 0.3246760447473149]
[-0.1493873454104275, 0.002188049813938506, 0.9887231569796435, -0.010254380597789953]
Quaternion in openCV Convention: 
 [ 0.56502209  0.57308842 -0.42588912 -0.41344669]
Rotation in openCV Convention: 
 [[-0.01962375  0.29545033 -0.95515654  0.        ]
 [ 0.99978012 -0.001263   -0.02093122  0.        ]
 [-0.0073905  -0.95535727 -0.29536058  0.        ]
 [ 0.          0.          0.          1.        ]]
-----------------------------------
------------------------------------
Translation mean : 
[1.22227619 0.0939433  0.32467604]
()
Rotation mean : 
[-0.14938735  0.00218805  0.98872316 -0.01025438]
()
Current values
[1.2222761855898683, 0.09394329714232656, 0.3246760447473149]
[-0.1493873454104275, 0.002188049813938506, 0.9887231569796435, -0.010254380597789953]
Quaternion in openCV Convention: 
 [ 0.56502209  0.57308842 -0.42588912 -0.41344669]
Rotation in openCV Convention: 
 [[-0.01962375  0.29545033 -0.95515654  0.        ]
 [ 0.99978012 -0.001263   -0.02093122  0.        ]
 [-0.0073905  -0.95535727 -0.29536058  0.        ]
 [ 0.          0.          0.          1.        ]]
-----------------------------------
------------------------------------
Translation mean : 
[1.22227619 0.0939433  0.32467604]
()
Rotation mean : 
[-0.14938735  0.00218805  0.98872316 -0.01025438]
()
Current values
[1.2222761855898683, 0.09394329714232656, 0.3246760447473149]
[-0.1493873454104275, 0.002188049813938506, 0.9887231569796435, -0.010254380597789953]
Quaternion in openCV Convention: 
 [ 0.56502209  0.57308842 -0.42588912 -0.41344669]
Rotation in openCV Convention: 
 [[-0.01962375  0.29545033 -0.95515654  0.        ]
 [ 0.99978012 -0.001263   -0.02093122  0.        ]
 [-0.0073905  -0.95535727 -0.29536058  0.        ]
 [ 0.          0.          0.          1.        ]]
-----------------------------------
------------------------------------
Translation mean : 
[1.22227619 0.0939433  0.32467604]
()
Rotation mean : 
[-0.14938735  0.00218805  0.98872316 -0.01025438]
()
Current values
[1.2222761855898683, 0.09394329714232656, 0.3246760447473149]
[-0.1493873454104275, 0.002188049813938506, 0.9887231569796435, -0.010254380597789953]
Quaternion in openCV Convention: 
 [ 0.56502209  0.57308842 -0.42588912 -0.41344669]
Rotation in openCV Convention: 
 [[-0.01962375  0.29545033 -0.95515654  0.        ]
 [ 0.99978012 -0.001263   -0.02093122  0.        ]
 [-0.0073905  -0.95535727 -0.29536058  0.        ]
 [ 0.          0.          0.          1.        ]]
-----------------------------------
------------------------------------
Translation mean : 
[1.22227619 0.0939433  0.32467604]
()
Rotation mean : 
[-0.14938735  0.00218805  0.98872316 -0.01025438]
()
Current values
[1.2222761855898683, 0.09394329714232656, 0.3246760447473149]
[-0.1493873454104275, 0.002188049813938506, 0.9887231569796435, -0.010254380597789953]
Quaternion in openCV Convention: 
 [ 0.56502209  0.57308842 -0.42588912 -0.41344669]
Rotation in openCV Convention: 
 [[-0.01962375  0.29545033 -0.95515654  0.        ]
 [ 0.99978012 -0.001263   -0.02093122  0.        ]
 [-0.0073905  -0.95535727 -0.29536058  0.        ]
 [ 0.          0.          0.          1.        ]]
-----------------------------------
------------------------------------
Translation mean : 
[1.22227619 0.0939433  0.32467604]
()
Rotation mean : 
[-0.14938735  0.00218805  0.98872316 -0.01025438]
()
Current values
[1.2222761855898683, 0.09394329714232656, 0.3246760447473149]
[-0.1493873454104275, 0.002188049813938506, 0.9887231569796435, -0.010254380597789953]
Quaternion in openCV Convention: 
 [ 0.56502209  0.57308842 -0.42588912 -0.41344669]
Rotation in openCV Convention: 
 [[-0.01962375  0.29545033 -0.95515654  0.        ]
 [ 0.99978012 -0.001263   -0.02093122  0.        ]
 [-0.0073905  -0.95535727 -0.29536058  0.        ]
 [ 0.          0.          0.          1.        ]]
-----------------------------------
------------------------------------
Translation mean : 
[1.22227619 0.0939433  0.32467604]
()
Rotation mean : 
[-0.14938735  0.00218805  0.98872316 -0.01025438]
()
Current values
[1.2222761855898683, 0.09394329714232656, 0.3246760447473149]
[-0.1493873454104275, 0.002188049813938506, 0.9887231569796435, -0.010254380597789953]
Quaternion in openCV Convention: 
 [ 0.56502209  0.57308842 -0.42588912 -0.41344669]
Rotation in openCV Convention: 
 [[-0.01962375  0.29545033 -0.95515654  0.        ]
 [ 0.99978012 -0.001263   -0.02093122  0.        ]
 [-0.0073905  -0.95535727 -0.29536058  0.        ]
 [ 0.          0.          0.          1.        ]]
-----------------------------------
------------------------------------
Translation mean : 
[1.22227619 0.0939433  0.32467604]
()
Rotation mean : 
[-0.14938735  0.00218805  0.98872316 -0.01025438]
()
Current values
[1.2222761855898683, 0.09394329714232656, 0.3246760447473149]
[-0.1493873454104275, 0.002188049813938506, 0.9887231569796435, -0.010254380597789953]
Quaternion in openCV Convention: 
 [ 0.56502209  0.57308842 -0.42588912 -0.41344669]
Rotation in openCV Convention: 
 [[-0.01962375  0.29545033 -0.95515654  0.        ]
 [ 0.99978012 -0.001263   -0.02093122  0.        ]
 [-0.0073905  -0.95535727 -0.29536058  0.        ]
 [ 0.          0.          0.          1.        ]]
-----------------------------------
------------------------------------
Translation mean : 
[1.22227619 0.0939433  0.32467604]
()
Rotation mean : 
[-0.14938735  0.00218805  0.98872316 -0.01025438]
()
Current values
[1.2222761855898683, 0.09394329714232656, 0.3246760447473149]
[-0.1493873454104275, 0.002188049813938506, 0.9887231569796435, -0.010254380597789953]
Quaternion in openCV Convention: 
 [ 0.56502209  0.57308842 -0.42588912 -0.41344669]
Rotation in openCV Convention: 
 [[-0.01962375  0.29545033 -0.95515654  0.        ]
 [ 0.99978012 -0.001263   -0.02093122  0.        ]
 [-0.0073905  -0.95535727 -0.29536058  0.        ]
 [ 0.          0.          0.          1.        ]]
-----------------------------------
------------------------------------
Translation mean : 
[1.22227619 0.0939433  0.32467604]
()
Rotation mean : 
[-0.14938735  0.00218805  0.98872316 -0.01025438]
()
Current values
[1.2222761855898683, 0.09394329714232656, 0.3246760447473149]
[-0.1493873454104275, 0.002188049813938506, 0.9887231569796435, -0.010254380597789953]
Quaternion in openCV Convention: 
 [ 0.56502209  0.57308842 -0.42588912 -0.41344669]
Rotation in openCV Convention: 
 [[-0.01962375  0.29545033 -0.95515654  0.        ]
 [ 0.99978012 -0.001263   -0.02093122  0.        ]
 [-0.0073905  -0.95535727 -0.29536058  0.        ]
 [ 0.          0.          0.          1.        ]]
-----------------------------------
------------------------------------
Translation mean : 
[1.22227619 0.0939433  0.32467604]
()
Rotation mean : 
[-0.14938735  0.00218805  0.98872316 -0.01025438]
()
Current values
[1.2222761855898683, 0.09394329714232656, 0.3246760447473149]
[-0.1493873454104275, 0.002188049813938506, 0.9887231569796435, -0.010254380597789953]
Quaternion in openCV Convention: 
 [ 0.56502209  0.57308842 -0.42588912 -0.41344669]
Rotation in openCV Convention: 
 [[-0.01962375  0.29545033 -0.95515654  0.        ]
 [ 0.99978012 -0.001263   -0.02093122  0.        ]
 [-0.0073905  -0.95535727 -0.29536058  0.        ]
 [ 0.          0.          0.          1.        ]]
-----------------------------------
------------------------------------
Translation mean : 
[1.22227619 0.0939433  0.32467604]
()
Rotation mean : 
[-0.14938735  0.00218805  0.98872316 -0.01025438]
()
Current values
[1.2222761855898683, 0.09394329714232656, 0.3246760447473149]
[-0.1493873454104275, 0.002188049813938506, 0.9887231569796435, -0.010254380597789953]
Quaternion in openCV Convention: 
 [ 0.56502209  0.57308842 -0.42588912 -0.41344669]
Rotation in openCV Convention: 
 [[-0.01962375  0.29545033 -0.95515654  0.        ]
 [ 0.99978012 -0.001263   -0.02093122  0.        ]
 [-0.0073905  -0.95535727 -0.29536058  0.        ]
 [ 0.          0.          0.          1.        ]]
-----------------------------------
------------------------------------
Translation mean : 
[1.22227619 0.0939433  0.32467604]
()
Rotation mean : 
[-0.14938735  0.00218805  0.98872316 -0.01025438]
()
Current values
[1.2222761855898683, 0.09394329714232656, 0.3246760447473149]
[-0.1493873454104275, 0.002188049813938506, 0.9887231569796435, -0.010254380597789953]
Quaternion in openCV Convention: 
 [ 0.56502209  0.57308842 -0.42588912 -0.41344669]
Rotation in openCV Convention: 
 [[-0.01962375  0.29545033 -0.95515654  0.        ]
 [ 0.99978012 -0.001263   -0.02093122  0.        ]
 [-0.0073905  -0.95535727 -0.29536058  0.        ]
 [ 0.          0.          0.          1.        ]]
-----------------------------------
------------------------------------
Translation mean : 
[1.22227619 0.0939433  0.32467604]
()
Rotation mean : 
[-0.14938735  0.00218805  0.98872316 -0.01025438]
()
Current values
[1.2222761855898683, 0.09394329714232656, 0.3246760447473149]
[-0.1493873454104275, 0.002188049813938506, 0.9887231569796435, -0.010254380597789953]
Quaternion in openCV Convention: 
 [ 0.56502209  0.57308842 -0.42588912 -0.41344669]
Rotation in openCV Convention: 
 [[-0.01962375  0.29545033 -0.95515654  0.        ]
 [ 0.99978012 -0.001263   -0.02093122  0.        ]
 [-0.0073905  -0.95535727 -0.29536058  0.        ]
 [ 0.          0.          0.          1.        ]]
-----------------------------------
------------------------------------
Translation mean : 
[1.22227619 0.0939433  0.32467604]
()
Rotation mean : 
[-0.14938735  0.00218805  0.98872316 -0.01025438]
()
Current values
[1.2222761855898683, 0.09394329714232656, 0.3246760447473149]
[-0.1493873454104275, 0.002188049813938506, 0.9887231569796435, -0.010254380597789953]
Quaternion in openCV Convention: 
 [ 0.56502209  0.57308842 -0.42588912 -0.41344669]
Rotation in openCV Convention: 
 [[-0.01962375  0.29545033 -0.95515654  0.        ]
 [ 0.99978012 -0.001263   -0.02093122  0.        ]
 [-0.0073905  -0.95535727 -0.29536058  0.        ]
 [ 0.          0.          0.          1.        ]]
-----------------------------------
------------------------------------
Translation mean : 
[1.22227619 0.0939433  0.32467604]
()
Rotation mean : 
[-0.14938735  0.00218805  0.98872316 -0.01025438]
()
Current values
[1.2222761855898683, 0.09394329714232656, 0.3246760447473149]
[-0.1493873454104275, 0.002188049813938506, 0.9887231569796435, -0.010254380597789953]
Quaternion in openCV Convention: 
 [ 0.56502209  0.57308842 -0.42588912 -0.41344669]
Rotation in openCV Convention: 
 [[-0.01962375  0.29545033 -0.95515654  0.        ]
 [ 0.99978012 -0.001263   -0.02093122  0.        ]
 [-0.0073905  -0.95535727 -0.29536058  0.        ]
 [ 0.          0.          0.          1.        ]]
-----------------------------------
------------------------------------
Translation mean : 
[1.22227619 0.0939433  0.32467604]
()
Rotation mean : 
[-0.14938735  0.00218805  0.98872316 -0.01025438]
()
Current values
[1.2222761855898683, 0.09394329714232656, 0.3246760447473149]
[-0.1493873454104275, 0.002188049813938506, 0.9887231569796435, -0.010254380597789953]
Quaternion in openCV Convention: 
 [ 0.56502209  0.57308842 -0.42588912 -0.41344669]
Rotation in openCV Convention: 
 [[-0.01962375  0.29545033 -0.95515654  0.        ]
 [ 0.99978012 -0.001263   -0.02093122  0.        ]
 [-0.0073905  -0.95535727 -0.29536058  0.        ]
 [ 0.          0.          0.          1.        ]]
-----------------------------------
------------------------------------
Translation mean : 
[1.22227619 0.0939433  0.32467604]
()
Rotation mean : 
[-0.14938735  0.00218805  0.98872316 -0.01025438]
()
Current values
[1.2222761855898683, 0.09394329714232656, 0.3246760447473149]
[-0.1493873454104275, 0.002188049813938506, 0.9887231569796435, -0.010254380597789953]
Quaternion in openCV Convention: 
 [ 0.56502209  0.57308842 -0.42588912 -0.41344669]
Rotation in openCV Convention: 
 [[-0.01962375  0.29545033 -0.95515654  0.        ]
 [ 0.99978012 -0.001263   -0.02093122  0.        ]
 [-0.0073905  -0.95535727 -0.29536058  0.        ]
 [ 0.          0.          0.          1.        ]]
-----------------------------------
------------------------------------
Translation mean : 
[1.22227619 0.0939433  0.32467604]
()
Rotation mean : 
[-0.14938735  0.00218805  0.98872316 -0.01025438]
()
Current values
[1.2222761855898683, 0.09394329714232656, 0.3246760447473149]
[-0.1493873454104275, 0.002188049813938506, 0.9887231569796435, -0.010254380597789953]
Quaternion in openCV Convention: 
 [ 0.56502209  0.57308842 -0.42588912 -0.41344669]
Rotation in openCV Convention: 
 [[-0.01962375  0.29545033 -0.95515654  0.        ]
 [ 0.99978012 -0.001263   -0.02093122  0.        ]
 [-0.0073905  -0.95535727 -0.29536058  0.        ]
 [ 0.          0.          0.          1.        ]]
-----------------------------------
------------------------------------
Translation mean : 
[1.22227619 0.0939433  0.32467604]
()
Rotation mean : 
[-0.14938735  0.00218805  0.98872316 -0.01025438]
()
Current values
[1.2222761855898683, 0.09394329714232656, 0.3246760447473149]
[-0.1493873454104275, 0.002188049813938506, 0.9887231569796435, -0.010254380597789953]
Quaternion in openCV Convention: 
 [ 0.56502209  0.57308842 -0.42588912 -0.41344669]
Rotation in openCV Convention: 
 [[-0.01962375  0.29545033 -0.95515654  0.        ]
 [ 0.99978012 -0.001263   -0.02093122  0.        ]
 [-0.0073905  -0.95535727 -0.29536058  0.        ]
 [ 0.          0.          0.          1.        ]]
-----------------------------------
------------------------------------
Translation mean : 
[1.22227619 0.0939433  0.32467604]
()
Rotation mean : 
[-0.14938735  0.00218805  0.98872316 -0.01025438]
()
Current values
[1.2222761855898683, 0.09394329714232656, 0.3246760447473149]
[-0.1493873454104275, 0.002188049813938506, 0.9887231569796435, -0.010254380597789953]
Quaternion in openCV Convention: 
 [ 0.56502209  0.57308842 -0.42588912 -0.41344669]
Rotation in openCV Convention: 
 [[-0.01962375  0.29545033 -0.95515654  0.        ]
 [ 0.99978012 -0.001263   -0.02093122  0.        ]
 [-0.0073905  -0.95535727 -0.29536058  0.        ]
 [ 0.          0.          0.          1.        ]]
-----------------------------------
------------------------------------
Translation mean : 
[1.22227619 0.0939433  0.32467604]
()
Rotation mean : 
[-0.14938735  0.00218805  0.98872316 -0.01025438]
()
Current values
[1.2222761855898683, 0.09394329714232656, 0.3246760447473149]
[-0.1493873454104275, 0.002188049813938506, 0.9887231569796435, -0.010254380597789953]
Quaternion in openCV Convention: 
 [ 0.56502209  0.57308842 -0.42588912 -0.41344669]
Rotation in openCV Convention: 
 [[-0.01962375  0.29545033 -0.95515654  0.        ]
 [ 0.99978012 -0.001263   -0.02093122  0.        ]
 [-0.0073905  -0.95535727 -0.29536058  0.        ]
 [ 0.          0.          0.          1.        ]]
-----------------------------------
------------------------------------
Translation mean : 
[1.22227619 0.0939433  0.32467604]
()
Rotation mean : 
[-0.14938735  0.00218805  0.98872316 -0.01025438]
()
Current values
[1.2222761855898683, 0.09394329714232656, 0.3246760447473149]
[-0.1493873454104275, 0.002188049813938506, 0.9887231569796435, -0.010254380597789953]
Quaternion in openCV Convention: 
 [ 0.56502209  0.57308842 -0.42588912 -0.41344669]
Rotation in openCV Convention: 
 [[-0.01962375  0.29545033 -0.95515654  0.        ]
 [ 0.99978012 -0.001263   -0.02093122  0.        ]
 [-0.0073905  -0.95535727 -0.29536058  0.        ]
 [ 0.          0.          0.          1.        ]]
-----------------------------------
------------------------------------
Translation mean : 
[1.22227619 0.0939433  0.32467604]
()
Rotation mean : 
[-0.14938735  0.00218805  0.98872316 -0.01025438]
()
Current values
[1.2222761855898683, 0.09394329714232656, 0.3246760447473149]
[-0.1493873454104275, 0.002188049813938506, 0.9887231569796435, -0.010254380597789953]
Quaternion in openCV Convention: 
 [ 0.56502209  0.57308842 -0.42588912 -0.41344669]
Rotation in openCV Convention: 
 [[-0.01962375  0.29545033 -0.95515654  0.        ]
 [ 0.99978012 -0.001263   -0.02093122  0.        ]
 [-0.0073905  -0.95535727 -0.29536058  0.        ]
 [ 0.          0.          0.          1.        ]]
-----------------------------------
------------------------------------
Translation mean : 
[1.22227619 0.0939433  0.32467604]
()
Rotation mean : 
[-0.14938735  0.00218805  0.98872316 -0.01025438]
()
Current values
[1.2222761855898683, 0.09394329714232656, 0.3246760447473149]
[-0.1493873454104275, 0.002188049813938506, 0.9887231569796435, -0.010254380597789953]
Quaternion in openCV Convention: 
 [ 0.56502209  0.57308842 -0.42588912 -0.41344669]
Rotation in openCV Convention: 
 [[-0.01962375  0.29545033 -0.95515654  0.        ]
 [ 0.99978012 -0.001263   -0.02093122  0.        ]
 [-0.0073905  -0.95535727 -0.29536058  0.        ]
 [ 0.          0.          0.          1.        ]]
-----------------------------------
------------------------------------
Translation mean : 
[1.22227619 0.0939433  0.32467604]
()
Rotation mean : 
[-0.14938735  0.00218805  0.98872316 -0.01025438]
()
Current values
[1.2222761855898683, 0.09394329714232656, 0.3246760447473149]
[-0.1493873454104275, 0.002188049813938506, 0.9887231569796435, -0.010254380597789953]
Quaternion in openCV Convention: 
 [ 0.56502209  0.57308842 -0.42588912 -0.41344669]
Rotation in openCV Convention: 
 [[-0.01962375  0.29545033 -0.95515654  0.        ]
 [ 0.99978012 -0.001263   -0.02093122  0.        ]
 [-0.0073905  -0.95535727 -0.29536058  0.        ]
 [ 0.          0.          0.          1.        ]]
-----------------------------------
------------------------------------
Translation mean : 
[1.22227619 0.0939433  0.32467604]
()
Rotation mean : 
[-0.14938735  0.00218805  0.98872316 -0.01025438]
()
Current values
[1.2222761855898683, 0.09394329714232656, 0.3246760447473149]
[-0.1493873454104275, 0.002188049813938506, 0.9887231569796435, -0.010254380597789953]
Quaternion in openCV Convention: 
 [ 0.56502209  0.57308842 -0.42588912 -0.41344669]
Rotation in openCV Convention: 
 [[-0.01962375  0.29545033 -0.95515654  0.        ]
 [ 0.99978012 -0.001263   -0.02093122  0.        ]
 [-0.0073905  -0.95535727 -0.29536058  0.        ]
 [ 0.          0.          0.          1.        ]]
-----------------------------------
------------------------------------
Translation mean : 
[1.22227619 0.0939433  0.32467604]
()
Rotation mean : 
[-0.14938735  0.00218805  0.98872316 -0.01025438]
()
Current values
[1.2222761855898683, 0.09394329714232656, 0.3246760447473149]
[-0.1493873454104275, 0.002188049813938506, 0.9887231569796435, -0.010254380597789953]
Quaternion in openCV Convention: 
 [ 0.56502209  0.57308842 -0.42588912 -0.41344669]
Rotation in openCV Convention: 
 [[-0.01962375  0.29545033 -0.95515654  0.        ]
 [ 0.99978012 -0.001263   -0.02093122  0.        ]
 [-0.0073905  -0.95535727 -0.29536058  0.        ]
 [ 0.          0.          0.          1.        ]]
-----------------------------------
------------------------------------
Translation mean : 
[1.22227619 0.0939433  0.32467604]
()
Rotation mean : 
[-0.14938735  0.00218805  0.98872316 -0.01025438]
()
Current values
[1.2222761855898683, 0.09394329714232656, 0.3246760447473149]
[-0.1493873454104275, 0.002188049813938506, 0.9887231569796435, -0.010254380597789953]
Quaternion in openCV Convention: 
 [ 0.56502209  0.57308842 -0.42588912 -0.41344669]
Rotation in openCV Convention: 
 [[-0.01962375  0.29545033 -0.95515654  0.        ]
 [ 0.99978012 -0.001263   -0.02093122  0.        ]
 [-0.0073905  -0.95535727 -0.29536058  0.        ]
 [ 0.          0.          0.          1.        ]]
-----------------------------------
------------------------------------
Translation mean : 
[1.22227619 0.0939433  0.32467604]
()
Rotation mean : 
[-0.14938735  0.00218805  0.98872316 -0.01025438]
()
Current values
[1.2222761855898683, 0.09394329714232656, 0.3246760447473149]
[-0.1493873454104275, 0.002188049813938506, 0.9887231569796435, -0.010254380597789953]
Quaternion in openCV Convention: 
 [ 0.56502209  0.57308842 -0.42588912 -0.41344669]
Rotation in openCV Convention: 
 [[-0.01962375  0.29545033 -0.95515654  0.        ]
 [ 0.99978012 -0.001263   -0.02093122  0.        ]
 [-0.0073905  -0.95535727 -0.29536058  0.        ]
 [ 0.          0.          0.          1.        ]]
-----------------------------------
------------------------------------
Translation mean : 
[1.22227619 0.0939433  0.32467604]
()
Rotation mean : 
[-0.14938735  0.00218805  0.98872316 -0.01025438]
()
Current values
[1.2222761855898683, 0.09394329714232656, 0.3246760447473149]
[-0.1493873454104275, 0.002188049813938506, 0.9887231569796435, -0.010254380597789953]
Quaternion in openCV Convention: 
 [ 0.56502209  0.57308842 -0.42588912 -0.41344669]
Rotation in openCV Convention: 
 [[-0.01962375  0.29545033 -0.95515654  0.        ]
 [ 0.99978012 -0.001263   -0.02093122  0.        ]
 [-0.0073905  -0.95535727 -0.29536058  0.        ]
 [ 0.          0.          0.          1.        ]]
-----------------------------------
------------------------------------
Translation mean : 
[1.22227619 0.0939433  0.32467604]
()
Rotation mean : 
[-0.14938735  0.00218805  0.98872316 -0.01025438]
()
Current values
[1.2222761855898683, 0.09394329714232656, 0.3246760447473149]
[-0.1493873454104275, 0.002188049813938506, 0.9887231569796435, -0.010254380597789953]
Quaternion in openCV Convention: 
 [ 0.56502209  0.57308842 -0.42588912 -0.41344669]
Rotation in openCV Convention: 
 [[-0.01962375  0.29545033 -0.95515654  0.        ]
 [ 0.99978012 -0.001263   -0.02093122  0.        ]
 [-0.0073905  -0.95535727 -0.29536058  0.        ]
 [ 0.          0.          0.          1.        ]]
-----------------------------------
------------------------------------
Translation mean : 
[1.22227619 0.0939433  0.32467604]
()
Rotation mean : 
[-0.14938735  0.00218805  0.98872316 -0.01025438]
()
Current values
[1.2222761855898683, 0.09394329714232656, 0.3246760447473149]
[-0.1493873454104275, 0.002188049813938506, 0.9887231569796435, -0.010254380597789953]
Quaternion in openCV Convention: 
 [ 0.56502209  0.57308842 -0.42588912 -0.41344669]
Rotation in openCV Convention: 
 [[-0.01962375  0.29545033 -0.95515654  0.        ]
 [ 0.99978012 -0.001263   -0.02093122  0.        ]
 [-0.0073905  -0.95535727 -0.29536058  0.        ]
 [ 0.          0.          0.          1.        ]]
-----------------------------------
------------------------------------
Translation mean : 
[1.22227619 0.0939433  0.32467604]
()
Rotation mean : 
[-0.14938735  0.00218805  0.98872316 -0.01025438]
()
Current values
[1.2222761855898683, 0.09394329714232656, 0.3246760447473149]
[-0.1493873454104275, 0.002188049813938506, 0.9887231569796435, -0.010254380597789953]
Quaternion in openCV Convention: 
 [ 0.56502209  0.57308842 -0.42588912 -0.41344669]
Rotation in openCV Convention: 
 [[-0.01962375  0.29545033 -0.95515654  0.        ]
 [ 0.99978012 -0.001263   -0.02093122  0.        ]
 [-0.0073905  -0.95535727 -0.29536058  0.        ]
 [ 0.          0.          0.          1.        ]]
-----------------------------------
------------------------------------
Translation mean : 
[1.22227619 0.0939433  0.32467604]
()
Rotation mean : 
[-0.14938735  0.00218805  0.98872316 -0.01025438]
()
Current values
[1.2222761855898683, 0.09394329714232656, 0.3246760447473149]
[-0.1493873454104275, 0.002188049813938506, 0.9887231569796435, -0.010254380597789953]
Quaternion in openCV Convention: 
 [ 0.56502209  0.57308842 -0.42588912 -0.41344669]
Rotation in openCV Convention: 
 [[-0.01962375  0.29545033 -0.95515654  0.        ]
 [ 0.99978012 -0.001263   -0.02093122  0.        ]
 [-0.0073905  -0.95535727 -0.29536058  0.        ]
 [ 0.          0.          0.          1.        ]]
-----------------------------------
------------------------------------
Translation mean : 
[1.22227619 0.0939433  0.32467604]
()
Rotation mean : 
[-0.14938735  0.00218805  0.98872316 -0.01025438]
()
Current values
[1.2222761855898683, 0.09394329714232656, 0.3246760447473149]
[-0.1493873454104275, 0.002188049813938506, 0.9887231569796435, -0.010254380597789953]
Quaternion in openCV Convention: 
 [ 0.56502209  0.57308842 -0.42588912 -0.41344669]
Rotation in openCV Convention: 
 [[-0.01962375  0.29545033 -0.95515654  0.        ]
 [ 0.99978012 -0.001263   -0.02093122  0.        ]
 [-0.0073905  -0.95535727 -0.29536058  0.        ]
 [ 0.          0.          0.          1.        ]]
-----------------------------------
------------------------------------
Translation mean : 
[1.22227619 0.0939433  0.32467604]
()
Rotation mean : 
[-0.14938735  0.00218805  0.98872316 -0.01025438]
()
Current values
[1.2222761855898683, 0.09394329714232656, 0.3246760447473149]
[-0.1493873454104275, 0.002188049813938506, 0.9887231569796435, -0.010254380597789953]
Quaternion in openCV Convention: 
 [ 0.56502209  0.57308842 -0.42588912 -0.41344669]
Rotation in openCV Convention: 
 [[-0.01962375  0.29545033 -0.95515654  0.        ]
 [ 0.99978012 -0.001263   -0.02093122  0.        ]
 [-0.0073905  -0.95535727 -0.29536058  0.        ]
 [ 0.          0.          0.          1.        ]]
-----------------------------------
------------------------------------
Translation mean : 
[1.22227619 0.0939433  0.32467604]
()
Rotation mean : 
[-0.14938735  0.00218805  0.98872316 -0.01025438]
()
Current values
[1.2222761855898683, 0.09394329714232656, 0.3246760447473149]
[-0.1493873454104275, 0.002188049813938506, 0.9887231569796435, -0.010254380597789953]
Quaternion in openCV Convention: 
 [ 0.56502209  0.57308842 -0.42588912 -0.41344669]
Rotation in openCV Convention: 
 [[-0.01962375  0.29545033 -0.95515654  0.        ]
 [ 0.99978012 -0.001263   -0.02093122  0.        ]
 [-0.0073905  -0.95535727 -0.29536058  0.        ]
 [ 0.          0.          0.          1.        ]]
-----------------------------------
------------------------------------
Translation mean : 
[1.22227619 0.0939433  0.32467604]
()
Rotation mean : 
[-0.14938735  0.00218805  0.98872316 -0.01025438]
()
Current values
[1.2222761855898683, 0.09394329714232656, 0.3246760447473149]
[-0.1493873454104275, 0.002188049813938506, 0.9887231569796435, -0.010254380597789953]
Quaternion in openCV Convention: 
 [ 0.56502209  0.57308842 -0.42588912 -0.41344669]
Rotation in openCV Convention: 
 [[-0.01962375  0.29545033 -0.95515654  0.        ]
 [ 0.99978012 -0.001263   -0.02093122  0.        ]
 [-0.0073905  -0.95535727 -0.29536058  0.        ]
 [ 0.          0.          0.          1.        ]]
-----------------------------------
------------------------------------
Translation mean : 
[1.22227619 0.0939433  0.32467604]
()
Rotation mean : 
[-0.14938735  0.00218805  0.98872316 -0.01025438]
()
Current values
[1.2222761855898683, 0.09394329714232656, 0.3246760447473149]
[-0.1493873454104275, 0.002188049813938506, 0.9887231569796435, -0.010254380597789953]
Quaternion in openCV Convention: 
 [ 0.56502209  0.57308842 -0.42588912 -0.41344669]
Rotation in openCV Convention: 
 [[-0.01962375  0.29545033 -0.95515654  0.        ]
 [ 0.99978012 -0.001263   -0.02093122  0.        ]
 [-0.0073905  -0.95535727 -0.29536058  0.        ]
 [ 0.          0.          0.          1.        ]]
-----------------------------------
------------------------------------
Translation mean : 
[1.22227619 0.0939433  0.32467604]
()
Rotation mean : 
[-0.14938735  0.00218805  0.98872316 -0.01025438]
()
Current values
[1.2222761855898683, 0.09394329714232656, 0.3246760447473149]
[-0.1493873454104275, 0.002188049813938506, 0.9887231569796435, -0.010254380597789953]
Quaternion in openCV Convention: 
 [ 0.56502209  0.57308842 -0.42588912 -0.41344669]
Rotation in openCV Convention: 
 [[-0.01962375  0.29545033 -0.95515654  0.        ]
 [ 0.99978012 -0.001263   -0.02093122  0.        ]
 [-0.0073905  -0.95535727 -0.29536058  0.        ]
 [ 0.          0.          0.          1.        ]]
-----------------------------------
------------------------------------
Translation mean : 
[1.22227619 0.0939433  0.32467604]
()
Rotation mean : 
[-0.14938735  0.00218805  0.98872316 -0.01025438]
()
Current values
[1.2222761855898683, 0.09394329714232656, 0.3246760447473149]
[-0.1493873454104275, 0.002188049813938506, 0.9887231569796435, -0.010254380597789953]
Quaternion in openCV Convention: 
 [ 0.56502209  0.57308842 -0.42588912 -0.41344669]
Rotation in openCV Convention: 
 [[-0.01962375  0.29545033 -0.95515654  0.        ]
 [ 0.99978012 -0.001263   -0.02093122  0.        ]
 [-0.0073905  -0.95535727 -0.29536058  0.        ]
 [ 0.          0.          0.          1.        ]]
-----------------------------------
------------------------------------
Translation mean : 
[1.22227619 0.0939433  0.32467604]
()
Rotation mean : 
[-0.14938735  0.00218805  0.98872316 -0.01025438]
()
Current values
[1.2222761855898683, 0.09394329714232656, 0.3246760447473149]
[-0.1493873454104275, 0.002188049813938506, 0.9887231569796435, -0.010254380597789953]
Quaternion in openCV Convention: 
 [ 0.56502209  0.57308842 -0.42588912 -0.41344669]
Rotation in openCV Convention: 
 [[-0.01962375  0.29545033 -0.95515654  0.        ]
 [ 0.99978012 -0.001263   -0.02093122  0.        ]
 [-0.0073905  -0.95535727 -0.29536058  0.        ]
 [ 0.          0.          0.          1.        ]]
-----------------------------------
------------------------------------
Translation mean : 
[1.22227619 0.0939433  0.32467604]
()
Rotation mean : 
[-0.14938735  0.00218805  0.98872316 -0.01025438]
()
Current values
[1.2222761855898683, 0.09394329714232656, 0.3246760447473149]
[-0.1493873454104275, 0.002188049813938506, 0.9887231569796435, -0.010254380597789953]
Quaternion in openCV Convention: 
 [ 0.56502209  0.57308842 -0.42588912 -0.41344669]
Rotation in openCV Convention: 
 [[-0.01962375  0.29545033 -0.95515654  0.        ]
 [ 0.99978012 -0.001263   -0.02093122  0.        ]
 [-0.0073905  -0.95535727 -0.29536058  0.        ]
 [ 0.          0.          0.          1.        ]]
-----------------------------------
------------------------------------
Translation mean : 
[1.22227619 0.0939433  0.32467604]
()
