------------------------------------
Translation mean : 
[1.21904705 0.10151244 0.33472165]
()
Rotation mean : 
[-0.1565927   0.00255151  0.9876439  -0.00563462]
()
Current values
[1.2190470501808983, 0.10151243804888106, 0.3347216463874065]
[-0.1565927040421499, 0.002551510953152521, 0.9876438963137523, -0.0056346168293607375]
Quaternion in openCV Convention: 
 [ 0.57057675  0.57365985 -0.41961866 -0.41143253]
Rotation in openCV Convention: 
 [[-0.01033089  0.30934441 -0.95089395  0.        ]
 [ 0.99992348 -0.00327529 -0.01192909  0.        ]
 [-0.00680465 -0.95094443 -0.3092869   0.        ]
 [ 0.          0.          0.          1.        ]]
-----------------------------------
------------------------------------
Translation mean : 
[1.21904705 0.10151244 0.33472165]
()
Rotation mean : 
[-0.1565927   0.00255151  0.9876439  -0.00563462]
()
Current values
[1.2190470501808983, 0.10151243804888106, 0.3347216463874065]
[-0.1565927040421499, 0.002551510953152521, 0.9876438963137523, -0.0056346168293607375]
Quaternion in openCV Convention: 
 [ 0.57057675  0.57365985 -0.41961866 -0.41143253]
Rotation in openCV Convention: 
 [[-0.01033089  0.30934441 -0.95089395  0.        ]
 [ 0.99992348 -0.00327529 -0.01192909  0.        ]
 [-0.00680465 -0.95094443 -0.3092869   0.        ]
 [ 0.          0.          0.          1.        ]]
-----------------------------------
------------------------------------
Translation mean : 
[1.21904705 0.10151326 0.33472165]
()
Rotation mean : 
[-0.1565927   0.00255151  0.9876439  -0.00563462]
()
Current values
[1.2190470501808983, 0.10151491720356927, 0.3347216463874065]
[-0.1565927040421499, 0.002551510953152521, 0.9876438963137523, -0.0056346168293607375]
Quaternion in openCV Convention: 
 [ 0.57057675  0.57365985 -0.41961866 -0.41143253]
Rotation in openCV Convention: 
 [[-0.01033089  0.30934441 -0.95089395  0.        ]
 [ 0.99992348 -0.00327529 -0.01192909  0.        ]
 [-0.00680465 -0.95094443 -0.3092869   0.        ]
 [ 0.          0.          0.          1.        ]]
-----------------------------------
------------------------------------
Translation mean : 
[1.21904956 0.10151689 0.33472157]
()
Rotation mean : 
[-0.15658859  0.00256892  0.98764453 -0.00563019]
()
Current values
[1.2190570977555313, 0.10152778238977182, 0.33472133774081037]
[-0.15657626335516292, 0.002621156083348385, 0.9876464213006625, -0.005616919664318838]
Quaternion in openCV Convention: 
 [ 0.57058593  0.5736472  -0.41962752 -0.41142841]
Rotation in openCV Convention: 
 [[-0.01031673  0.30933666 -0.95089663  0.        ]
 [ 0.9999234  -0.00331112 -0.01192579  0.        ]
 [-0.00683761 -0.95094683 -0.30927881  0.        ]
 [ 0.          0.          0.          1.        ]]
-----------------------------------
------------------------------------
Translation mean : 
[1.2190518  0.10150408 0.33470525]
()
Rotation mean : 
[-0.15657418  0.00257517  0.98764688 -0.00561523]
()
Current values
[1.2190607734283045, 0.10145281965582517, 0.33463998939531836]
[-0.15651651025612873, 0.0026001479629933345, 0.9876562960675903, -0.005555365502135381]
Quaternion in openCV Convention: 
 [ 0.5705905   0.57363056 -0.41963155 -0.41144115]
Rotation in openCV Convention: 
 [[-0.01028531  0.30930892 -0.95090599  0.        ]
 [ 0.99992368 -0.00332831 -0.01189813  0.        ]
 [-0.00684511 -0.95095579 -0.30925108  0.        ]
 [ 0.          0.          0.          1.        ]]
-----------------------------------
------------------------------------
Translation mean : 
[1.2190533  0.10149554 0.33469438]
()
Rotation mean : 
[-0.15656457  0.00257933  0.98764845 -0.00560525]
()
Current values
[1.2190607734283045, 0.10145281965582517, 0.33463998939531836]
[-0.15651651025612873, 0.0026001479629933345, 0.9876562960675903, -0.005555365502135381]
Quaternion in openCV Convention: 
 [ 0.57059355  0.57361947 -0.41963423 -0.41144965]
Rotation in openCV Convention: 
 [[-0.01026437  0.30929042 -0.95091224  0.        ]
 [ 0.99992386 -0.00333978 -0.0118797   0.        ]
 [-0.00685011 -0.95096177 -0.30923259  0.        ]
 [ 0.          0.          0.          1.        ]]
-----------------------------------
------------------------------------
Translation mean : 
[1.21905102 0.10149494 0.33469394]
()
Rotation mean : 
[-0.15656261  0.00258929  0.98764876 -0.0056008 ]
()
Current values
[1.219037341933537, 0.1014913854288654, 0.33469129077365456]
[-0.1565508551959983, 0.002649016643939927, 0.9876506174720974, -0.005574069896114859]
Quaternion in openCV Convention: 
 [ 0.57059993  0.57361144 -0.41963812 -0.41144804]
Rotation in openCV Convention: 
 [[-0.01025247  0.30928674 -0.95091356  0.        ]
 [ 0.99992385 -0.00336086 -0.01187401  0.        ]
 [-0.00686836 -0.95096289 -0.30922873  0.        ]
 [ 0.          0.          0.          1.        ]]
-----------------------------------
------------------------------------
Translation mean : 
[1.21904931 0.1014945  0.3346936 ]
()
Rotation mean : 
[-0.15656114  0.00259675  0.98764899 -0.00559746]
()
Current values
[1.219037341933537, 0.1014913854288654, 0.33469129077365456]
[-0.1565508551959983, 0.002649016643939927, 0.9876506174720974, -0.005574069896114859]
Quaternion in openCV Convention: 
 [ 0.57060471  0.57360542 -0.41964103 -0.41144682]
Rotation in openCV Convention: 
 [[-0.01024354  0.30928397 -0.95091456  0.        ]
 [ 0.99992385 -0.00337667 -0.01186974  0.        ]
 [-0.00688205 -0.95096373 -0.30922583  0.        ]
 [ 0.          0.          0.          1.        ]]
-----------------------------------
------------------------------------
Translation mean : 
[1.21904798 0.10149415 0.33469335]
()
Rotation mean : 
[-0.15656     0.00260256  0.98764917 -0.00559486]
()
Current values
[1.219037341933537, 0.1014913854288654, 0.33469129077365456]
[-0.1565508551959983, 0.002649016643939927, 0.9876506174720974, -0.005574069896114859]
Quaternion in openCV Convention: 
 [ 0.57060844  0.57360073 -0.4196433  -0.41144588]
Rotation in openCV Convention: 
 [[-0.0102366   0.30928182 -0.95091533  0.        ]
 [ 0.99992385 -0.00338897 -0.01186642  0.        ]
 [-0.00689269 -0.95096439 -0.30922358  0.        ]
 [ 0.          0.          0.          1.        ]]
-----------------------------------
------------------------------------
Translation mean : 
[1.21904692 0.10149388 0.33469314]
()
Rotation mean : 
[-0.15655908  0.00260721  0.98764932 -0.00559278]
()
Current values
[1.219037341933537, 0.1014913854288654, 0.33469129077365456]
[-0.1565508551959983, 0.002649016643939927, 0.9876506174720974, -0.005574069896114859]
Quaternion in openCV Convention: 
 [ 0.57061141  0.57359699 -0.41964511 -0.41144513]
Rotation in openCV Convention: 
 [[-0.01023104  0.3092801  -0.95091595  0.        ]
 [ 0.99992385 -0.00339881 -0.01186377  0.        ]
 [-0.00690121 -0.95096491 -0.30922178  0.        ]
 [ 0.          0.          0.          1.        ]]
-----------------------------------
------------------------------------
Translation mean : 
[1.21904605 0.10149365 0.33469297]
()
Rotation mean : 
[-0.15655833  0.00261101  0.98764944 -0.00559108]
()
Current values
[1.219037341933537, 0.1014913854288654, 0.33469129077365456]
[-0.1565508551959983, 0.002649016643939927, 0.9876506174720974, -0.005574069896114859]
Quaternion in openCV Convention: 
 [ 0.57061385  0.57359392 -0.41964659 -0.41144451]
Rotation in openCV Convention: 
 [[-0.0102265   0.3092787  -0.95091646  0.        ]
 [ 0.99992385 -0.00340686 -0.0118616   0.        ]
 [-0.00690818 -0.95096534 -0.3092203   0.        ]
 [ 0.          0.          0.          1.        ]]
-----------------------------------
------------------------------------
Translation mean : 
[1.21904532 0.10149346 0.33469283]
()
Rotation mean : 
[-0.15655771  0.00261417  0.98764953 -0.00558966]
()
Current values
[1.219037341933537, 0.1014913854288654, 0.33469129077365456]
[-0.1565508551959983, 0.002649016643939927, 0.9876506174720974, -0.005574069896114859]
Quaternion in openCV Convention: 
 [ 0.57061588  0.57359137 -0.41964783 -0.41144399]
Rotation in openCV Convention: 
 [[-0.01022271  0.30927753 -0.95091688  0.        ]
 [ 0.99992384 -0.00341357 -0.01185979  0.        ]
 [-0.00691398 -0.9509657  -0.30921908  0.        ]
 [ 0.          0.          0.          1.        ]]
-----------------------------------
------------------------------------
Translation mean : 
[1.21904471 0.1014933  0.33469271]
()
Rotation mean : 
[-0.15655718  0.00261685  0.98764962 -0.00558846]
()
Current values
[1.219037341933537, 0.1014913854288654, 0.33469129077365456]
[-0.1565508551959983, 0.002649016643939927, 0.9876506174720974, -0.005574069896114859]
Quaternion in openCV Convention: 
 [ 0.5706176   0.5735892  -0.41964887 -0.41144356]
Rotation in openCV Convention: 
 [[-0.01021951  0.30927653 -0.95091723  0.        ]
 [ 0.99992384 -0.00341924 -0.01185826  0.        ]
 [-0.0069189  -0.950966   -0.30921804  0.        ]
 [ 0.          0.          0.          1.        ]]
-----------------------------------
------------------------------------
Translation mean : 
[1.21904418 0.10149316 0.33469261]
()
Rotation mean : 
[-0.15655673  0.00261915  0.98764969 -0.00558743]
()
Current values
[1.219037341933537, 0.1014913854288654, 0.33469129077365456]
[-0.1565508551959983, 0.002649016643939927, 0.9876506174720974, -0.005574069896114859]
Quaternion in openCV Convention: 
 [ 0.57061907  0.57358735 -0.41964977 -0.41144319]
Rotation in openCV Convention: 
 [[-0.01021676  0.30927568 -0.95091754  0.        ]
 [ 0.99992384 -0.00342411 -0.01185694  0.        ]
 [-0.00692311 -0.95096626 -0.30921715  0.        ]
 [ 0.          0.          0.          1.        ]]
-----------------------------------
------------------------------------
Translation mean : 
[1.21904372 0.10149305 0.33469252]
()
Rotation mean : 
[-0.15655634  0.00262114  0.98764975 -0.00558654]
()
Current values
[1.219037341933537, 0.1014913854288654, 0.33469129077365456]
[-0.1565508551959983, 0.002649016643939927, 0.9876506174720974, -0.005574069896114859]
Quaternion in openCV Convention: 
 [ 0.57062035  0.57358574 -0.41965055 -0.41144286]
Rotation in openCV Convention: 
 [[-0.01021438  0.30927495 -0.95091781  0.        ]
 [ 0.99992384 -0.00342832 -0.01185581  0.        ]
 [-0.00692676 -0.95096648 -0.30921637  0.        ]
 [ 0.          0.          0.          1.        ]]
-----------------------------------
------------------------------------
Translation mean : 
[1.21904333 0.10149294 0.33469245]
()
Rotation mean : 
[-0.156556    0.00262288  0.9876498  -0.00558576]
()
Current values
[1.219037341933537, 0.1014913854288654, 0.33469129077365456]
[-0.1565508551959983, 0.002649016643939927, 0.9876506174720974, -0.005574069896114859]
Quaternion in openCV Convention: 
 [ 0.57062146  0.57358434 -0.41965123 -0.41144258]
Rotation in openCV Convention: 
 [[-0.0102123   0.3092743  -0.95091804  0.        ]
 [ 0.99992384 -0.00343201 -0.01185481  0.        ]
 [-0.00692995 -0.95096668 -0.3092157   0.        ]
 [ 0.          0.          0.          1.        ]]
-----------------------------------
------------------------------------
Translation mean : 
[1.21904297 0.10149285 0.33469238]
()
Rotation mean : 
[-0.15655569  0.00262442  0.98764985 -0.00558507]
()
Current values
[1.219037341933537, 0.1014913854288654, 0.33469129077365456]
[-0.1565508551959983, 0.002649016643939927, 0.9876506174720974, -0.005574069896114859]
Quaternion in openCV Convention: 
 [ 0.57062245  0.5735831  -0.41965183 -0.41144233]
Rotation in openCV Convention: 
 [[-0.01021046  0.30927373 -0.95091824  0.        ]
 [ 0.99992384 -0.00343527 -0.01185393  0.        ]
 [-0.00693277 -0.95096685 -0.3092151   0.        ]
 [ 0.          0.          0.          1.        ]]
-----------------------------------
------------------------------------
Translation mean : 
[1.21904266 0.10149277 0.33469232]
()
Rotation mean : 
[-0.15655543  0.00262579  0.9876499  -0.00558446]
()
Current values
[1.219037341933537, 0.1014913854288654, 0.33469129077365456]
[-0.1565508551959983, 0.002649016643939927, 0.9876506174720974, -0.005574069896114859]
Quaternion in openCV Convention: 
 [ 0.57062332  0.573582   -0.41965236 -0.41144211]
Rotation in openCV Convention: 
 [[-0.01020883  0.30927323 -0.95091842  0.        ]
 [ 0.99992384 -0.00343816 -0.01185315  0.        ]
 [-0.00693527 -0.95096701 -0.30921457  0.        ]
 [ 0.          0.          0.          1.        ]]
-----------------------------------
------------------------------------
Translation mean : 
[1.21904238 0.1014927  0.33469227]
()
Rotation mean : 
[-0.15655518  0.00262701  0.98764993 -0.00558392]
()
Current values
[1.219037341933537, 0.1014913854288654, 0.33469129077365456]
[-0.1565508551959983, 0.002649016643939927, 0.9876506174720974, -0.005574069896114859]
Quaternion in openCV Convention: 
 [ 0.57062411  0.57358101 -0.41965284 -0.41144191]
Rotation in openCV Convention: 
 [[-0.01020736  0.30927277 -0.95091859  0.        ]
 [ 0.99992384 -0.00344075 -0.01185245  0.        ]
 [-0.00693752 -0.95096715 -0.3092141   0.        ]
 [ 0.          0.          0.          1.        ]]
-----------------------------------
------------------------------------
Translation mean : 
[1.21904213 0.10149263 0.33469222]
()
Rotation mean : 
[-0.15655497  0.00262811  0.98764997 -0.00558342]
()
Current values
[1.219037341933537, 0.1014913854288654, 0.33469129077365456]
[-0.1565508551959983, 0.002649016643939927, 0.9876506174720974, -0.005574069896114859]
Quaternion in openCV Convention: 
 [ 0.57062481  0.57358012 -0.41965327 -0.41144173]
Rotation in openCV Convention: 
 [[-0.01020605  0.30927237 -0.95091873  0.        ]
 [ 0.99992384 -0.00344308 -0.01185182  0.        ]
 [-0.00693953 -0.95096727 -0.30921367  0.        ]
 [ 0.          0.          0.          1.        ]]
-----------------------------------
------------------------------------
Translation mean : 
[1.2190419  0.10149257 0.33469217]
()
Rotation mean : 
[-0.15655477  0.00262911  0.98765    -0.00558298]
()
Current values
[1.219037341933537, 0.1014913854288654, 0.33469129077365456]
[-0.1565508551959983, 0.002649016643939927, 0.9876506174720974, -0.005574069896114859]
Quaternion in openCV Convention: 
 [ 0.57062545  0.57357932 -0.41965366 -0.41144157]
Rotation in openCV Convention: 
 [[-0.01020486  0.309272   -0.95091887  0.        ]
 [ 0.99992384 -0.00344519 -0.01185126  0.        ]
 [-0.00694136 -0.95096738 -0.30921329  0.        ]
 [ 0.          0.          0.          1.        ]]
-----------------------------------
------------------------------------
Translation mean : 
[1.21904169 0.10149252 0.33469213]
()
Rotation mean : 
[-0.15655459  0.00263001  0.98765003 -0.00558257]
()
Current values
[1.219037341933537, 0.1014913854288654, 0.33469129077365456]
[-0.1565508551959983, 0.002649016643939927, 0.9876506174720974, -0.005574069896114859]
Quaternion in openCV Convention: 
 [ 0.57062603  0.57357859 -0.41965401 -0.41144142]
Rotation in openCV Convention: 
 [[-0.01020378  0.30927166 -0.95091899  0.        ]
 [ 0.99992384 -0.00344711 -0.01185074  0.        ]
 [-0.00694302 -0.95096748 -0.30921293  0.        ]
 [ 0.          0.          0.          1.        ]]
-----------------------------------
------------------------------------
Translation mean : 
[1.2190415  0.10149247 0.3346921 ]
()
Rotation mean : 
[-0.15655443  0.00263084  0.98765005 -0.0055822 ]
()
Current values
[1.219037341933537, 0.1014913854288654, 0.33469129077365456]
[-0.1565508551959983, 0.002649016643939927, 0.9876506174720974, -0.005574069896114859]
Quaternion in openCV Convention: 
 [ 0.57062656  0.57357793 -0.41965433 -0.41144129]
Rotation in openCV Convention: 
 [[-0.01020279  0.30927136 -0.9509191   0.        ]
 [ 0.99992384 -0.00344886 -0.01185027  0.        ]
 [-0.00694453 -0.95096758 -0.30921261  0.        ]
 [ 0.          0.          0.          1.        ]]
-----------------------------------
------------------------------------
Translation mean : 
[1.21904133 0.10149242 0.33469206]
()
Rotation mean : 
[-0.15655428  0.0026316   0.98765008 -0.00558186]
()
Current values
[1.219037341933537, 0.1014913854288654, 0.33469129077365456]
[-0.1565508551959983, 0.002649016643939927, 0.9876506174720974, -0.005574069896114859]
Quaternion in openCV Convention: 
 [ 0.57062704  0.57357731 -0.41965463 -0.41144117]
Rotation in openCV Convention: 
 [[-0.01020188  0.30927108 -0.9509192   0.        ]
 [ 0.99992383 -0.00345046 -0.01184983  0.        ]
 [-0.00694592 -0.95096766 -0.30921232  0.        ]
 [ 0.          0.          0.          1.        ]]
-----------------------------------
------------------------------------
Translation mean : 
[1.21904117 0.10149238 0.33469203]
()
Rotation mean : 
[-0.15655415  0.00263229  0.9876501  -0.00558155]
()
Current values
[1.219037341933537, 0.1014913854288654, 0.33469129077365456]
[-0.1565508551959983, 0.002649016643939927, 0.9876506174720974, -0.005574069896114859]
Quaternion in openCV Convention: 
 [ 0.57062749  0.57357675 -0.4196549  -0.41144105]
Rotation in openCV Convention: 
 [[-0.01020105  0.30927082 -0.95091929  0.        ]
 [ 0.99992383 -0.00345194 -0.01184944  0.        ]
 [-0.0069472  -0.95096774 -0.30921205  0.        ]
 [ 0.          0.          0.          1.        ]]
-----------------------------------
------------------------------------
Translation mean : 
[1.21904102 0.10149234 0.334692  ]
()
Rotation mean : 
[-0.15655402  0.00263294  0.98765012 -0.00558127]
()
Current values
[1.219037341933537, 0.1014913854288654, 0.33469129077365456]
[-0.1565508551959983, 0.002649016643939927, 0.9876506174720974, -0.005574069896114859]
Quaternion in openCV Convention: 
 [ 0.5706279   0.57357623 -0.41965515 -0.41144095]
Rotation in openCV Convention: 
 [[-0.01020028  0.30927058 -0.95091938  0.        ]
 [ 0.99992383 -0.0034533  -0.01184907  0.        ]
 [-0.00694838 -0.95096781 -0.3092118   0.        ]
 [ 0.          0.          0.          1.        ]]
-----------------------------------
------------------------------------
Translation mean : 
[1.21904089 0.10149231 0.33469198]
()
Rotation mean : 
[-0.1565539   0.00263353  0.98765014 -0.005581  ]
()
Current values
[1.219037341933537, 0.1014913854288654, 0.33469129077365456]
[-0.1565508551959983, 0.002649016643939927, 0.9876506174720974, -0.005574069896114859]
Quaternion in openCV Convention: 
 [ 0.57062828  0.57357575 -0.41965538 -0.41144085]
Rotation in openCV Convention: 
 [[-0.01019957  0.30927036 -0.95091946  0.        ]
 [ 0.99992383 -0.00345456 -0.01184873  0.        ]
 [-0.00694947 -0.95096788 -0.30921157  0.        ]
 [ 0.          0.          0.          1.        ]]
-----------------------------------
------------------------------------
Translation mean : 
[1.21904076 0.10149227 0.33469195]
()
Rotation mean : 
[-0.15655379  0.00263408  0.98765015 -0.00558075]
()
Current values
[1.219037341933537, 0.1014913854288654, 0.33469129077365456]
[-0.1565508551959983, 0.002649016643939927, 0.9876506174720974, -0.005574069896114859]
Quaternion in openCV Convention: 
 [ 0.57062864  0.57357531 -0.4196556  -0.41144076]
Rotation in openCV Convention: 
 [[-0.01019891  0.30927016 -0.95091953  0.        ]
 [ 0.99992383 -0.00345573 -0.01184841  0.        ]
 [-0.00695048 -0.95096794 -0.30921136  0.        ]
 [ 0.          0.          0.          1.        ]]
-----------------------------------
------------------------------------
Translation mean : 
[1.21904064 0.10149224 0.33469193]
()
Rotation mean : 
[-0.15655369  0.0026346   0.98765017 -0.00558052]
()
Current values
[1.219037341933537, 0.1014913854288654, 0.33469129077365456]
[-0.1565508551959983, 0.002649016643939927, 0.9876506174720974, -0.005574069896114859]
Quaternion in openCV Convention: 
 [ 0.57062897  0.57357489 -0.4196558  -0.41144068]
Rotation in openCV Convention: 
 [[-0.01019829  0.30926997 -0.9509196   0.        ]
 [ 0.99992383 -0.00345682 -0.01184812  0.        ]
 [-0.00695143 -0.950968   -0.30921116  0.        ]
 [ 0.          0.          0.          1.        ]]
-----------------------------------
------------------------------------
Translation mean : 
[1.21904053 0.10149222 0.33469191]
()
Rotation mean : 
[-0.1565536   0.00263508  0.98765018 -0.00558031]
()
Current values
[1.219037341933537, 0.1014913854288654, 0.33469129077365456]
[-0.1565508551959983, 0.002649016643939927, 0.9876506174720974, -0.005574069896114859]
Quaternion in openCV Convention: 
 [ 0.57062928  0.5735745  -0.41965599 -0.4114406 ]
Rotation in openCV Convention: 
 [[-0.01019772  0.30926979 -0.95091966  0.        ]
 [ 0.99992383 -0.00345784 -0.01184784  0.        ]
 [-0.00695231 -0.95096805 -0.30921097  0.        ]
 [ 0.          0.          0.          1.        ]]
-----------------------------------
------------------------------------
Translation mean : 
[1.21904043 0.10149219 0.33469189]
()
Rotation mean : 
[-0.15655351  0.00263553  0.9876502  -0.0055801 ]
()
Current values
[1.219037341933537, 0.1014913854288654, 0.33469129077365456]
[-0.1565508551959983, 0.002649016643939927, 0.9876506174720974, -0.005574069896114859]
Quaternion in openCV Convention: 
 [ 0.57062957  0.57357414 -0.41965616 -0.41144053]
Rotation in openCV Convention: 
 [[-0.01019718  0.30926962 -0.95091972  0.        ]
 [ 0.99992383 -0.00345879 -0.01184759  0.        ]
 [-0.00695313 -0.95096811 -0.3092108   0.        ]
 [ 0.          0.          0.          1.        ]]
-----------------------------------
------------------------------------
Translation mean : 
[1.21904033 0.10149216 0.33469187]
()
Rotation mean : 
[-0.15655343  0.00263595  0.98765021 -0.00557992]
()
Current values
[1.219037341933537, 0.1014913854288654, 0.33469129077365456]
[-0.1565508551959983, 0.002649016643939927, 0.9876506174720974, -0.005574069896114859]
Quaternion in openCV Convention: 
 [ 0.57062984  0.5735738  -0.41965633 -0.41144046]
Rotation in openCV Convention: 
 [[-0.01019668  0.30926947 -0.95091978  0.        ]
 [ 0.99992383 -0.00345968 -0.01184735  0.        ]
 [-0.0069539  -0.95096815 -0.30921063  0.        ]
 [ 0.          0.          0.          1.        ]]
-----------------------------------
------------------------------------
Translation mean : 
[1.21904024 0.10149214 0.33469185]
()
Rotation mean : 
[-0.15655335  0.00263635  0.98765022 -0.00557974]
()
Current values
[1.219037341933537, 0.1014913854288654, 0.33469129077365456]
[-0.1565508551959983, 0.002649016643939927, 0.9876506174720974, -0.005574069896114859]
Quaternion in openCV Convention: 
 [ 0.57063009  0.57357348 -0.41965648 -0.41144039]
Rotation in openCV Convention: 
 [[-0.0101962   0.30926932 -0.95091983  0.        ]
 [ 0.99992383 -0.00346052 -0.01184712  0.        ]
 [-0.00695463 -0.9509682  -0.30921048  0.        ]
 [ 0.          0.          0.          1.        ]]
-----------------------------------
------------------------------------
Translation mean : 
[1.21904016 0.10149212 0.33469184]
()
Rotation mean : 
[-0.15655327  0.00263672  0.98765024 -0.00557957]
()
Current values
[1.219037341933537, 0.1014913854288654, 0.33469129077365456]
[-0.1565508551959983, 0.002649016643939927, 0.9876506174720974, -0.005574069896114859]
Quaternion in openCV Convention: 
 [ 0.57063033  0.57357318 -0.41965663 -0.41144033]
Rotation in openCV Convention: 
 [[-0.01019576  0.30926918 -0.95091988  0.        ]
 [ 0.99992383 -0.00346131 -0.01184691  0.        ]
 [-0.00695531 -0.95096824 -0.30921033  0.        ]
 [ 0.          0.          0.          1.        ]]
-----------------------------------
------------------------------------
Translation mean : 
[1.21904008 0.1014921  0.33469182]
()
Rotation mean : 
[-0.15655321  0.00263707  0.98765025 -0.00557942]
()
Current values
[1.219037341933537, 0.1014913854288654, 0.33469129077365456]
[-0.1565508551959983, 0.002649016643939927, 0.9876506174720974, -0.005574069896114859]
Quaternion in openCV Convention: 
 [ 0.57063055  0.5735729  -0.41965676 -0.41144028]
Rotation in openCV Convention: 
 [[-0.01019534  0.30926905 -0.95091993  0.        ]
 [ 0.99992383 -0.00346206 -0.01184671  0.        ]
 [-0.00695596 -0.95096828 -0.3092102   0.        ]
 [ 0.          0.          0.          1.        ]]
-----------------------------------
------------------------------------
Translation mean : 
[1.21904    0.10149208 0.3346918 ]
()
Rotation mean : 
[-0.15655314  0.0026374   0.98765026 -0.00557927]
()
Current values
[1.219037341933537, 0.1014913854288654, 0.33469129077365456]
[-0.1565508551959983, 0.002649016643939927, 0.9876506174720974, -0.005574069896114859]
Quaternion in openCV Convention: 
 [ 0.57063077  0.57357263 -0.41965689 -0.41144022]
Rotation in openCV Convention: 
 [[-0.01019494  0.30926893 -0.95091997  0.        ]
 [ 0.99992383 -0.00346276 -0.01184652  0.        ]
 [-0.00695657 -0.95096832 -0.30921007  0.        ]
 [ 0.          0.          0.          1.        ]]
-----------------------------------
------------------------------------
Translation mean : 
[1.21903993 0.10149206 0.33469179]
()
Rotation mean : 
[-0.15655308  0.00263772  0.98765027 -0.00557913]
()
Current values
[1.219037341933537, 0.1014913854288654, 0.33469129077365456]
[-0.1565508551959983, 0.002649016643939927, 0.9876506174720974, -0.005574069896114859]
Quaternion in openCV Convention: 
 [ 0.57063097  0.57357238 -0.41965701 -0.41144017]
Rotation in openCV Convention: 
 [[-0.01019457  0.30926881 -0.95092001  0.        ]
 [ 0.99992383 -0.00346342 -0.01184634  0.        ]
 [-0.00695714 -0.95096835 -0.30920995  0.        ]
 [ 0.          0.          0.          1.        ]]
-----------------------------------
------------------------------------
Translation mean : 
[1.21903986 0.10149204 0.33469178]
()
Rotation mean : 
[-0.15655302  0.00263801  0.98765028 -0.00557899]
()
Current values
[1.219037341933537, 0.1014913854288654, 0.33469129077365456]
[-0.1565508551959983, 0.002649016643939927, 0.9876506174720974, -0.005574069896114859]
Quaternion in openCV Convention: 
 [ 0.57063116  0.57357214 -0.41965713 -0.41144012]
Rotation in openCV Convention: 
 [[-0.01019421  0.3092687  -0.95092005  0.        ]
 [ 0.99992383 -0.00346405 -0.01184617  0.        ]
 [-0.00695769 -0.95096839 -0.30920983  0.        ]
 [ 0.          0.          0.          1.        ]]
-----------------------------------
------------------------------------
Translation mean : 
[1.2190398  0.10149202 0.33469177]
()
Rotation mean : 
[-0.15655296  0.0026383   0.98765028 -0.00557887]
()
Current values
[1.219037341933537, 0.1014913854288654, 0.33469129077365456]
[-0.1565508551959983, 0.002649016643939927, 0.9876506174720974, -0.005574069896114859]
Quaternion in openCV Convention: 
 [ 0.57063134  0.57357191 -0.41965724 -0.41144008]
Rotation in openCV Convention: 
 [[-0.01019387  0.3092686  -0.95092009  0.        ]
 [ 0.99992383 -0.00346465 -0.011846    0.        ]
 [-0.0069582  -0.95096842 -0.30920972  0.        ]
 [ 0.          0.          0.          1.        ]]
-----------------------------------
------------------------------------
Translation mean : 
[1.21903974 0.10149201 0.33469175]
()
Rotation mean : 
[-0.15655291  0.00263856  0.98765029 -0.00557875]
()
Current values
[1.219037341933537, 0.1014913854288654, 0.33469129077365456]
[-0.1565508551959983, 0.002649016643939927, 0.9876506174720974, -0.005574069896114859]
Quaternion in openCV Convention: 
 [ 0.57063151  0.57357169 -0.41965735 -0.41144003]
Rotation in openCV Convention: 
 [[-0.01019355  0.3092685  -0.95092013  0.        ]
 [ 0.99992383 -0.00346522 -0.01184585  0.        ]
 [-0.00695869 -0.95096845 -0.30920962  0.        ]
 [ 0.          0.          0.          1.        ]]
-----------------------------------
------------------------------------
Translation mean : 
[1.21903968 0.10149199 0.33469174]
()
Rotation mean : 
[-0.15655286  0.00263882  0.9876503  -0.00557863]
()
Current values
[1.219037341933537, 0.1014913854288654, 0.33469129077365456]
[-0.1565508551959983, 0.002649016643939927, 0.9876506174720974, -0.005574069896114859]
Quaternion in openCV Convention: 
 [ 0.57063167  0.57357149 -0.41965745 -0.41143999]
Rotation in openCV Convention: 
 [[-0.01019325  0.3092684  -0.95092016  0.        ]
 [ 0.99992383 -0.00346576 -0.01184571  0.        ]
 [-0.00695916 -0.95096848 -0.30920952  0.        ]
 [ 0.          0.          0.          1.        ]]
-----------------------------------
------------------------------------
Translation mean : 
[1.21903962 0.10149198 0.33469173]
()
Rotation mean : 
[-0.15655281  0.00263906  0.98765031 -0.00557852]
()
Current values
[1.219037341933537, 0.1014913854288654, 0.33469129077365456]
[-0.1565508551959983, 0.002649016643939927, 0.9876506174720974, -0.005574069896114859]
Quaternion in openCV Convention: 
 [ 0.57063183  0.57357129 -0.41965754 -0.41143995]
Rotation in openCV Convention: 
 [[-0.01019296  0.30926831 -0.95092019  0.        ]
 [ 0.99992383 -0.00346627 -0.01184557  0.        ]
 [-0.00695961 -0.9509685  -0.30920943  0.        ]
 [ 0.          0.          0.          1.        ]]
-----------------------------------
------------------------------------
Translation mean : 
[1.21903957 0.10149196 0.33469172]
()
Rotation mean : 
[-0.15655277  0.00263929  0.98765032 -0.00557842]
()
Current values
[1.219037341933537, 0.1014913854288654, 0.33469129077365456]
[-0.1565508551959983, 0.002649016643939927, 0.9876506174720974, -0.005574069896114859]
Quaternion in openCV Convention: 
 [ 0.57063198  0.57357111 -0.41965763 -0.41143992]
Rotation in openCV Convention: 
 [[-0.01019268  0.30926823 -0.95092022  0.        ]
 [ 0.99992383 -0.00346676 -0.01184544  0.        ]
 [-0.00696003 -0.95096853 -0.30920934  0.        ]
 [ 0.          0.          0.          1.        ]]
-----------------------------------
------------------------------------
Translation mean : 
[1.21903952 0.10149195 0.33469171]
()
Rotation mean : 
[-0.15655272  0.00263951  0.98765032 -0.00557832]
()
Current values
[1.219037341933537, 0.1014913854288654, 0.33469129077365456]
[-0.1565508551959983, 0.002649016643939927, 0.9876506174720974, -0.005574069896114859]
Quaternion in openCV Convention: 
 [ 0.57063212  0.57357093 -0.41965772 -0.41143988]
Rotation in openCV Convention: 
 [[-0.01019242  0.30926815 -0.95092025  0.        ]
 [ 0.99992383 -0.00346723 -0.01184531  0.        ]
 [-0.00696044 -0.95096855 -0.30920925  0.        ]
 [ 0.          0.          0.          1.        ]]
-----------------------------------
------------------------------------
Translation mean : 
[1.21922276 0.10209008 0.33661458]
()
Rotation mean : 
[-0.15806235  0.00282628  0.98734316 -0.00470317]
()
Current values
[1.2272855134476643, 0.12840759739111018, 0.42122074504328116]
[-0.22448598614542756, 0.011043802783380264, 0.9738282200181464, 0.03380346640043398]
Quaternion in openCV Convention: 
 [ 0.57176431  0.57364121 -0.41840513 -0.41087568]
Rotation in openCV Convention: 
 [[-0.008395    0.31219375 -0.94998136  0.        ]
 [ 0.99993978 -0.00409479 -0.01018217  0.        ]
 [-0.00706878 -0.95000963 -0.31214058  0.        ]
 [ 0.          0.          0.          1.        ]]
-----------------------------------
------------------------------------
Translation mean : 
[1.21939804 0.1026622  0.33845384]
()
Rotation mean : 
[-0.15950634  0.00300492  0.98704936 -0.00386607]
()
Current values
[1.2272855134476643, 0.12840759739111018, 0.42122074504328116]
[-0.22448598614542756, 0.011043802783380264, 0.9738282200181464, 0.03380346640043398]
Quaternion in openCV Convention: 
 [ 0.57284728  0.57370843 -0.417207   -0.41033601]
Rotation in openCV Convention: 
 [[-0.00667518  0.31498871 -0.94907195  0.        ]
 [ 0.99995204 -0.00469994 -0.00859291  0.        ]
 [-0.00716725 -0.94908378 -0.31494222  0.        ]
 [ 0.          0.          0.          1.        ]]
-----------------------------------
------------------------------------
Translation mean : 
[1.21938338 0.10238763 0.33831562]
()
Rotation mean : 
[-0.15933298  0.00303346  0.98707954 -0.00374563]
()
Current values
[1.2187092728294588, 0.08975756253236516, 0.33195745501721535]
[-0.15135808644012397, 0.00434625083486768, 0.9884678136280457, 0.0017947685800036345]
Quaternion in openCV Convention: 
 [ 0.57285017  0.57356234 -0.41726282 -0.41048374]
Rotation in openCV Convention: 
 [[-0.0064295   0.31465436 -0.94918454  0.        ]
 [ 0.99995352 -0.00479619 -0.00836333  0.        ]
 [-0.00718402 -0.9491942  -0.3146089   0.        ]
 [ 0.          0.          0.          1.        ]]
-----------------------------------
------------------------------------
Translation mean : 
[1.21936949 0.10212461 0.33818341]
()
Rotation mean : 
[-0.15916683  0.00306081  0.98710846 -0.0036302 ]
()
Current values
[1.2187162995195309, 0.08976245475667191, 0.3319693634752101]
[-0.15135808644012397, 0.00434625083486768, 0.9884678136280457, 0.0017947685800036345]
Quaternion in openCV Convention: 
 [ 0.57285295  0.57342235 -0.41731632 -0.41062531]
Rotation in openCV Convention: 
 [[-0.00619406  0.31433389 -0.94929228  0.        ]
 [ 0.99995489 -0.00488835 -0.00814328  0.        ]
 [-0.00720019 -0.94929991 -0.31428943  0.        ]
 [ 0.          0.          0.          1.        ]]
-----------------------------------
------------------------------------
Translation mean : 
[1.21936948 0.10203585 0.33811616]
()
Rotation mean : 
[-0.15907188  0.00305308  0.98712632 -0.00361125]
()
Current values
[1.2193691252119783, 0.09777564730774631, 0.33488840806210235]
[-0.15451393154566048, 0.0026820514302306753, 0.9879832761198752, -0.0027014192319872628]
Quaternion in openCV Convention: 
 [ 0.57282001  0.57337818 -0.41735938 -0.41069506]
Rotation in openCV Convention: 
 [[-0.00615977  0.31415036 -0.94935326  0.        ]
 [ 0.99995526 -0.0048799  -0.0081029   0.        ]
 [-0.00717827 -0.9493607  -0.31410625  0.        ]
 [ 0.          0.          0.          1.        ]]
-----------------------------------
------------------------------------
Translation mean : 
[1.2193709  0.10196845 0.33805808]
()
Rotation mean : 
[-0.15898773  0.00304196  0.98714234 -0.00360304]
()
Current values
[1.2194405591631288, 0.09866556400380394, 0.33521222603356543]
[-0.15486431737863807, 0.002497106999882882, 0.987927406664729, -0.0032010654762001213]
Quaternion in openCV Convention: 
 [ 0.57278449  0.57334557 -0.41739981 -0.41075481]
Rotation in openCV Convention: 
 [[-0.00614771  0.31398766 -0.94940716  0.        ]
 [ 0.99995552 -0.00486123 -0.00808273  0.        ]
 [-0.00715316 -0.94941462 -0.31394381  0.        ]
 [ 0.          0.          0.          1.        ]]
-----------------------------------
------------------------------------
Translation mean : 
[1.21937227 0.10190368 0.33800228]
()
Rotation mean : 
[-0.15890687  0.00303127  0.98715773 -0.00359516]
()
Current values
[1.2194405591631288, 0.09866556400380394, 0.33521222603356543]
[-0.15486431737863807, 0.002497106999882882, 0.987927406664729, -0.0032010654762001213]
Quaternion in openCV Convention: 
 [ 0.57275036  0.57331425 -0.41743865 -0.41081221]
Rotation in openCV Convention: 
 [[-0.00613611  0.31383133 -0.94945892  0.        ]
 [ 0.99995576 -0.00484329 -0.00806335  0.        ]
 [-0.00712904 -0.9494664  -0.31378773  0.        ]
 [ 0.          0.          0.          1.        ]]
-----------------------------------
------------------------------------
Translation mean : 
[1.21937206 0.10184225 0.33795063]
()
Rotation mean : 
[-0.15883159  0.00302151  0.98717214 -0.00358825]
()
Current values
[1.2193615416129484, 0.09870897403566613, 0.3353161512623976]
[-0.15499207868614998, 0.002523288248897567, 0.9879071909676477, -0.003235829935374521]
Quaternion in openCV Convention: 
 [ 0.57271849  0.57328524 -0.41747516 -0.4108654 ]
Rotation in openCV Convention: 
 [[-0.0061261   0.31368574 -0.9495071   0.        ]
 [ 0.99995598 -0.0048268  -0.00804621  0.        ]
 [-0.00710706 -0.94951459 -0.31364236  0.        ]
 [ 0.          0.          0.          1.        ]]
-----------------------------------
------------------------------------
Translation mean : 
[1.21937134 0.10178342 0.33790161]
()
Rotation mean : 
[-0.15875999  0.00301228  0.98718588 -0.00358183]
()
Current values
[1.219333814724648, 0.09872420641254706, 0.33535261813848827]
[-0.1550369088465301, 0.0025324751154497767, 0.9879000930130891, -0.0032480286070372495]
Quaternion in openCV Convention: 
 [ 0.57268816  0.57325771 -0.41751    -0.41091589]
Rotation in openCV Convention: 
 [[-0.00611686  0.31354726 -0.94955289  0.        ]
 [ 0.99995618 -0.0048112  -0.00803023  0.        ]
 [-0.00708634 -0.94956041 -0.31350409  0.        ]
 [ 0.          0.          0.          1.        ]]
-----------------------------------
------------------------------------
Translation mean : 
[1.21937165 0.10172608 0.33785459]
()
Rotation mean : 
[-0.15869066  0.00300381  0.98719917 -0.00357485]
()
Current values
[1.2193880667119048, 0.09868741018408077, 0.33536285722662007]
[-0.1550162908688428, 0.0025549200325681904, 0.9879034119502623, -0.003204778607660024]
Quaternion in openCV Convention: 
 [ 0.5726594   0.57323044 -0.41754358 -0.41096492]
Rotation in openCV Convention: 
 [[-0.00610625  0.31341317 -0.94959723  0.        ]
 [ 0.99995638 -0.00479724 -0.0080134   0.        ]
 [-0.00706695 -0.94960474 -0.31337021  0.        ]
 [ 0.          0.          0.          1.        ]]
-----------------------------------
------------------------------------
Translation mean : 
[1.21937195 0.10167083 0.33780929]
()
Rotation mean : 
[-0.15862386  0.00299565  0.98721197 -0.00356812]
()
Current values
[1.2193880667119048, 0.09868741018408077, 0.33536285722662007]
[-0.1550162908688428, 0.0025549200325681904, 0.9879034119502623, -0.003204778607660024]
Quaternion in openCV Convention: 
 [ 0.57263168  0.57320415 -0.41757594 -0.41101217]
Rotation in openCV Convention: 
 [[-0.00609602  0.31328395 -0.94963993  0.        ]
 [ 0.99995658 -0.0047838  -0.00799718  0.        ]
 [-0.00704827 -0.94964745 -0.31324119  0.        ]
 [ 0.          0.          0.          1.        ]]
-----------------------------------
------------------------------------
Translation mean : 
[1.21937224 0.10161756 0.3377656 ]
()
Rotation mean : 
[-0.15855944  0.00298778  0.98722432 -0.00356163]
()
Current values
[1.2193880795867138, 0.0986874827198027, 0.33536290647551004]
[-0.15501632483119793, 0.002554952597849665, 0.9879034063481873, -0.0032048367665095685]
Quaternion in openCV Convention: 
 [ 0.57260495  0.57317881 -0.41760715 -0.41105773]
Rotation in openCV Convention: 
 [[-0.00608615  0.31315935 -0.9496811   0.        ]
 [ 0.99995677 -0.00477083 -0.00798154  0.        ]
 [-0.00703026 -0.94968861 -0.31311677  0.        ]
 [ 0.          0.          0.          1.        ]]
-----------------------------------
------------------------------------
Translation mean : 
[1.21937251 0.10156615 0.33772345]
()
Rotation mean : 
[-0.15849728  0.00298018  0.98723623 -0.00355537]
()
Current values
[1.2193880795867138, 0.0986874827198027, 0.33536290647551004]
[-0.15501632483119793, 0.002554952597849665, 0.9879034063481873, -0.0032048367665095685]
Quaternion in openCV Convention: 
 [ 0.57257916  0.57315435 -0.41763726 -0.4111017 ]
Rotation in openCV Convention: 
 [[-0.00607663  0.31303911 -0.9497208   0.        ]
 [ 0.99995695 -0.00475831 -0.00796646  0.        ]
 [-0.00701288 -0.94972832 -0.31299671  0.        ]
 [ 0.          0.          0.          1.        ]]
-----------------------------------
------------------------------------
Translation mean : 
[1.21937278 0.10151652 0.33768275]
()
Rotation mean : 
[-0.15843726  0.00297285  0.98724774 -0.00354933]
()
Current values
[1.2193880795867138, 0.0986874827198027, 0.33536290647551004]
[-0.15501632483119793, 0.002554952597849665, 0.9879034063481873, -0.0032048367665095685]
Quaternion in openCV Convention: 
 [ 0.57255426  0.57313074 -0.41766633 -0.41114415]
Rotation in openCV Convention: 
 [[-0.00606744  0.31292301 -0.94975912  0.        ]
 [ 0.99995712 -0.00474623 -0.00795189  0.        ]
 [-0.0069961  -0.94976664 -0.31288079  0.        ]
 [ 0.          0.          0.          1.        ]]
-----------------------------------
------------------------------------
Translation mean : 
[1.21937304 0.10146857 0.33764343]
()
