This is the name of the script:  target_locator_rsense.py
coordinates syste in camera image
('axi_imgpts: ', array([[[350.07632, 398.70544]],

       [[435.98343, 355.61722]],

       [[350.39978, 272.33347]],

       [[349.72443, 354.2121 ]]], dtype=float32))




The world coordinate systems origin in-->> camera's coordinate system:
===rotation_vector:
[[ 1.38829242]
 [ 1.43868134]
 [-1.09558723]]
===rotation_matrix:
[[-0.03881402  0.99923766 -0.00419233]
 [ 0.26972922  0.00643733 -0.96291469]
 [-0.96215364 -0.03850538 -0.26977346]]
===translation_vector:
[[0.03273163]
 [0.13341087]
 [0.73959389]]
('euler_angles_tmp: ', [-2.999817959523714, 1.2947980371145622, 1.713715172551046])
(-171.87690838825523, 74.18646284848774, 98.18864667470855)


The camera origin in -->>world coordinate system:
===camera rvec_matrix:
[[-0.03881402  0.26972922 -0.96215364]
 [ 0.99923766  0.00643733 -0.03850538]
 [-0.00419233 -0.96291469 -0.26977346]]
===camera translation_vector:
[[ 0.67688859]
 [-0.00508714]
 [ 0.32812331]]
('euler_angles inv roll_,pitch_,yaw:  \n', [0, 0, 0])
(0.0, 0.0, 0.0)
transform world->camera:
[[-0.03881402  0.26972922 -0.96215364  0.67688859]
 [ 0.99923766  0.00643733 -0.03850538 -0.00508714]
 [-0.00419233 -0.96291469 -0.26977346  0.32812331]
 [ 0.          0.          0.          1.        ]]


-----------------------------------------------------
my rotation: 
 [[ 1.          0.          0.          0.286213  ]
 [ 0.          1.          0.          0.115956  ]
 [ 0.          0.          1.         -0.00933129]
 [ 0.          0.          0.          1.        ]]
('\ncounter:', 1, '\n')
coordinates syste in camera image
('axi_imgpts: ', array([[[350.0836 , 398.69293]],

       [[435.9737 , 355.6053 ]],

       [[350.41898, 272.3226 ]],

       [[349.7249 , 354.1864 ]]], dtype=float32))




The world coordinate systems origin in-->> camera's coordinate system:
===rotation_vector:
[[ 1.38836569]
 [ 1.43887491]
 [-1.09522613]]
===rotation_matrix:
[[-0.03874257  0.99924125 -0.00399131]
 [ 0.2699669   0.00662122 -0.96284684]
 [-0.96208985 -0.03838068 -0.27001859]]
===translation_vector:
[[0.03273538]
 [0.13339437]
 [0.73966639]]
('euler_angles_tmp: ', [-3.000397593859223, 1.2945640742037672, 1.7133317494712283])
(-171.91011898934076, 74.17305776113659, 98.1666781504671)


The camera origin in -->>world coordinate system:
===camera rvec_matrix:
[[-0.03874257  0.2699669  -0.96208985]
 [ 0.99924125  0.00662122 -0.03838068]
 [-0.00399131 -0.96284684 -0.27001859]]
===camera translation_vector:
[[ 0.67688171]
 [-0.00520488]
 [ 0.32829268]]
('euler_angles inv roll_,pitch_,yaw:  \n', [-1.8439565447282757, 0.004192339982649153, 1.6096204392789553])
(-105.65092761845642, 0.24020338728974522, 92.22445778867774)
transform world->camera:
[[-0.03874257  0.2699669  -0.96208985  0.67688171]
 [ 0.99924125  0.00662122 -0.03838068 -0.00520488]
 [-0.00399131 -0.96284684 -0.27001859  0.32829268]
 [ 0.          0.          0.          1.        ]]


-----------------------------------------------------
my rotation: 
 [[ 1.          0.          0.          0.286213  ]
 [ 0.          1.          0.          0.115956  ]
 [ 0.          0.          1.         -0.00933129]
 [ 0.          0.          0.          1.        ]]
('\ncounter:', 2, '\n')
coordinates syste in camera image
('axi_imgpts: ', array([[[350.08456, 398.6997 ]],

       [[435.9852 , 355.61517]],

       [[350.41226, 272.34085]],

       [[349.73593, 354.2077 ]]], dtype=float32))




The world coordinate systems origin in-->> camera's coordinate system:
===rotation_vector:
[[ 1.38830385]
 [ 1.43876964]
 [-1.09557851]]
===rotation_matrix:
[[-0.03886329  0.99923576 -0.00418758]
 [ 0.26978845  0.00645759 -0.96289797]
 [-0.96213504 -0.03855114 -0.26983323]]
===translation_vector:
[[0.03274897]
 [0.13342176]
 [0.73968221]]
('euler_angles_tmp: ', [-2.9996827466842753, 1.2947298102054943, 1.7138631405610472])
(-171.8691612632194, 74.18255373454892, 98.19712461718458)


The camera origin in -->>world coordinate system:
===camera rvec_matrix:
[[-0.03886329  0.26978845 -0.96213504]
 [ 0.99923576  0.00645759 -0.03855114]
 [-0.00418758 -0.96289797 -0.26983323]]
===camera translation_vector:
[[ 0.67695125]
 [-0.00506993]
 [ 0.32819952]]
('euler_angles inv roll_,pitch_,yaw:  \n', [-1.8442108985853753, 0.003991317540211968, 1.6095489060253263])
(-105.66550102097109, 0.228685649750683, 92.22035923514996)
transform world->camera:
[[-0.03886329  0.26978845 -0.96213504  0.67695125]
 [ 0.99923576  0.00645759 -0.03855114 -0.00506993]
 [-0.00418758 -0.96289797 -0.26983323  0.32819952]
 [ 0.          0.          0.          1.        ]]


-----------------------------------------------------
my rotation: 
 [[ 1.          0.          0.          0.286213  ]
 [ 0.          1.          0.          0.115956  ]
 [ 0.          0.          1.         -0.00933129]
 [ 0.          0.          0.          1.        ]]
('\ncounter:', 3, '\n')
coordinates syste in camera image
('axi_imgpts: ', array([[[350.09244, 398.7081 ]],

       [[435.97287, 355.60437]],

       [[350.40518, 272.352  ]],

       [[349.73346, 354.20547]]], dtype=float32))




The world coordinate systems origin in-->> camera's coordinate system:
===rotation_vector:
[[ 1.38853251]
 [ 1.43878444]
 [-1.09545529]]
===rotation_matrix:
[[-0.03875229  0.99923983 -0.00424536]
 [ 0.26995908  0.00637874 -0.96285067]
 [-0.96209166 -0.03845874 -0.27000105]]
===translation_vector:
[[0.03274934]
 [0.13343253]
 [0.73975616]]
('euler_angles_tmp: ', [-3.0001051959426484, 1.2945706931150218, 1.7133710839170142])
(-171.8933658227826, 74.17343699681645, 98.16893184820012)


The camera origin in -->>world coordinate system:
===camera rvec_matrix:
[[-0.03875229  0.26995908 -0.96209166]
 [ 0.99923983  0.00637874 -0.03845874]
 [-0.00424536 -0.96285067 -0.27000105]]
===camera translation_vector:
[[ 0.67696102]
 [-0.00512549]
 [ 0.32834958]]
('euler_angles inv roll_,pitch_,yaw:  \n', [-1.8440186172294184, 0.0041875934698953, 1.6096697465056782])
(-105.6544841107957, 0.23993143214154444, 92.22728288466845)
transform world->camera:
[[-0.03875229  0.26995908 -0.96209166  0.67696102]
 [ 0.99923983  0.00637874 -0.03845874 -0.00512549]
 [-0.00424536 -0.96285067 -0.27000105  0.32834958]
 [ 0.          0.          0.          1.        ]]


-----------------------------------------------------
my rotation: 
 [[ 1.          0.          0.          0.286213  ]
 [ 0.          1.          0.          0.115956  ]
 [ 0.          0.          1.         -0.00933129]
 [ 0.          0.          0.          1.        ]]
('\ncounter:', 4, '\n')
coordinates syste in camera image
('axi_imgpts: ', array([[[350.083  , 398.7012 ]],

       [[435.97128, 355.60858]],

       [[350.4083 , 272.33575]],

       [[349.72424, 354.1987 ]]], dtype=float32))




The world coordinate systems origin in-->> camera's coordinate system:
===rotation_vector:
[[ 1.38840708]
 [ 1.43879502]
 [-1.09535043]]
===rotation_matrix:
[[-0.03874108  0.99924086 -0.00410159]
 [ 0.26991637  0.00651253 -0.96286175]
 [-0.96210409 -0.03840939 -0.26996377]]
===translation_vector:
[[0.03273542]
 [0.1334119 ]
 [0.73968496]]
('euler_angles_tmp: ', [-3.000265088660895, 1.294616286070044, 1.7133526431385024])
(-171.902527000713, 74.17604928071476, 98.16787526942045)


The camera origin in -->>world coordinate system:
===camera rvec_matrix:
[[-0.03874108  0.26991637 -0.96210409]
 [ 0.99924086  0.00651253 -0.03840939]
 [-0.00410159 -0.96286175 -0.26996377]]
===camera translation_vector:
[[ 0.67691207]
 [-0.00516858]
 [ 0.32827962]]
('euler_angles inv roll_,pitch_,yaw:  \n', [-1.8441929769438863, 0.00424536851887696, 1.609558668105941])
(-105.66447418655181, 0.24324169860935516, 92.22091856116845)
transform world->camera:
[[-0.03874108  0.26991637 -0.96210409  0.67691207]
 [ 0.99924086  0.00651253 -0.03840939 -0.00516858]
 [-0.00410159 -0.96286175 -0.26996377  0.32827962]
 [ 0.          0.          0.          1.        ]]


-----------------------------------------------------
my rotation: 
 [[ 1.          0.          0.          0.286213  ]
 [ 0.          1.          0.          0.115956  ]
 [ 0.          0.          1.         -0.00933129]
 [ 0.          0.          0.          1.        ]]
('\ncounter:', 5, '\n')
coordinates syste in camera image
('axi_imgpts: ', array([[[350.08813, 398.70248]],

       [[435.9723 , 355.6155 ]],

       [[350.41388, 272.34845]],

       [[349.73123, 354.20596]]], dtype=float32))




The world coordinate systems origin in-->> camera's coordinate system:
===rotation_vector:
[[ 1.38837622]
 [ 1.43878789]
 [-1.09540425]]
===rotation_matrix:
[[-0.03877089  0.99923964 -0.00411804]
 [ 0.26988174  0.00650336 -0.96287151]
 [-0.96211261 -0.03844277 -0.26992867]]
===translation_vector:
[[0.03274604]
 [0.13343018]
 [0.73974015]]
('euler_angles_tmp: ', [-3.0001257265751216, 1.294647511936582, 1.7134789459965587])
(-171.89454214137407, 74.177838391079, 98.17511189012751)


The camera origin in -->>world coordinate system:
===camera rvec_matrix:
[[-0.03877089  0.26988174 -0.96211261]
 [ 0.99923964  0.00650336 -0.03844277]
 [-0.00411804 -0.96287151 -0.26992867]]
===camera translation_vector:
[[ 0.67697255]
 [-0.00515123]
 [ 0.32828804]]
('euler_angles inv roll_,pitch_,yaw:  \n', [-1.8441540887722496, 0.004101602886410626, 1.6095474259974558])
(-105.66224605844407, 0.23500453463000526, 92.22027443579942)
transform world->camera:
[[-0.03877089  0.26988174 -0.96211261  0.67697255]
 [ 0.99923964  0.00650336 -0.03844277 -0.00515123]
 [-0.00411804 -0.96287151 -0.26992867  0.32828804]
 [ 0.          0.          0.          1.        ]]


-----------------------------------------------------
my rotation: 
 [[ 1.          0.          0.          0.286213  ]
 [ 0.          1.          0.          0.115956  ]
 [ 0.          0.          1.         -0.00933129]
 [ 0.          0.          0.          1.        ]]
('\ncounter:', 6, '\n')
coordinates syste in camera image
('axi_imgpts: ', array([[[350.08545, 398.7049 ]],

       [[435.97272, 355.6064 ]],

       [[350.4023 , 272.34213]],

       [[349.72675, 354.20404]]], dtype=float32))




The world coordinate systems origin in-->> camera's coordinate system:
===rotation_vector:
[[ 1.38845916]
 [ 1.43875122]
 [-1.09544592]]
===rotation_matrix:
[[-0.03874582  0.99924028 -0.00419735]
 [ 0.26989945  0.00642086 -0.9628671 ]
 [-0.96210865 -0.03843994 -0.26994318]]
===translation_vector:
[[0.03273893]
 [0.13342036]
 [0.73969785]]
('euler_angles_tmp: ', [-3.0001435261624865, 1.2946329966846315, 1.7133786768103512])
(-171.89556198260715, 74.17700672840368, 98.16936688894262)


The camera origin in -->>world coordinate system:
===camera rvec_matrix:
[[-0.03874582  0.26989945 -0.96210865]
 [ 0.99924028  0.00642086 -0.03843994]
 [-0.00419735 -0.9628671  -0.26994318]]
===camera translation_vector:
[[ 0.67692811]
 [-0.00513679]
 [ 0.32827988]]
('euler_angles inv roll_,pitch_,yaw:  \n', [-1.8441176561708088, 0.004118048312214182, 1.6095772701541489])
(-105.66015862414481, 0.23594678812084455, 92.22198438002107)
transform world->camera:
[[-0.03874582  0.26989945 -0.96210865  0.67692811]
 [ 0.99924028  0.00642086 -0.03843994 -0.00513679]
 [-0.00419735 -0.9628671  -0.26994318  0.32827988]
 [ 0.          0.          0.          1.        ]]


-----------------------------------------------------
my rotation: 
 [[ 1.          0.          0.          0.286213  ]
 [ 0.          1.          0.          0.115956  ]
 [ 0.          0.          1.         -0.00933129]
 [ 0.          0.          0.          1.        ]]
('\ncounter:', 7, '\n')
coordinates syste in camera image
('axi_imgpts: ', array([[[350.08002, 398.7033 ]],

       [[435.9745 , 355.60895]],

       [[350.40433, 272.34943]],

       [[349.7327 , 354.20554]]], dtype=float32))




The world coordinate systems origin in-->> camera's coordinate system:
===rotation_vector:
[[ 1.38842252]
 [ 1.43884129]
 [-1.09556245]]
===rotation_matrix:
[[-0.03886999  0.99923526 -0.00424396]
 [ 0.26990245  0.00640964 -0.96286634]
 [-0.9621028  -0.03857206 -0.26994519]]
===translation_vector:
[[0.03274811]
 [0.13343109]
 [0.73974789]]
('euler_angles_tmp: ', [-2.999664888566804, 1.294611542063662, 1.7138278446085282])
(-171.86813806845825, 74.17577746917108, 98.19510230807136)


The camera origin in -->>world coordinate system:
===camera rvec_matrix:
[[-0.03886999  0.26990245 -0.9621028 ]
 [ 0.99923526  0.00640964 -0.03857206]
 [-0.00424396 -0.96286634 -0.26994519]]
===camera translation_vector:
[[ 0.67697305]
 [-0.00504471]
 [ 0.32830667]]
('euler_angles inv roll_,pitch_,yaw:  \n', [-1.844132818193133, 0.004197366028847008, 1.6095521873172705])
(-105.66102734403287, 0.2404913585245201, 92.2205472393297)
transform world->camera:
[[-0.03886999  0.26990245 -0.9621028   0.67697305]
 [ 0.99923526  0.00640964 -0.03857206 -0.00504471]
 [-0.00424396 -0.96286634 -0.26994519  0.32830667]
 [ 0.          0.          0.          1.        ]]


-----------------------------------------------------
my rotation: 
 [[ 1.          0.          0.          0.286213  ]
 [ 0.          1.          0.          0.115956  ]
 [ 0.          0.          1.         -0.00933129]
 [ 0.          0.          0.          1.        ]]
('\ncounter:', 8, '\n')
coordinates syste in camera image
('axi_imgpts: ', array([[[350.07632, 398.6993 ]],

       [[435.9704 , 355.60645]],

       [[350.39862, 272.33176]],

       [[349.7193 , 354.20023]]], dtype=float32))




The world coordinate systems origin in-->> camera's coordinate system:
===rotation_vector:
[[ 1.38838955]
 [ 1.43873896]
 [-1.09543754]]
===rotation_matrix:
[[-0.03875227  0.99924023 -0.00415081]
 [ 0.26985376  0.00646563 -0.96287961]
 [-0.9621212  -0.03843389 -0.26989929]]
===translation_vector:
[[0.03272825]
 [0.13340784]
 [0.73965281]]
('euler_angles_tmp: ', [-3.0001428022862173, 1.2946790452194967, 1.7134259323927206])
(-171.89552050755202, 74.17964511510422, 98.17207443437081)


The camera origin in -->>world coordinate system:
===camera rvec_matrix:
[[-0.03875227  0.26985376 -0.9621212 ]
 [ 0.99924023  0.00646563 -0.03843389]
 [-0.00415081 -0.96287961 -0.26989929]]
===camera translation_vector:
[[ 0.67690333]
 [-0.00513822]
 [ 0.32822331]]
('euler_angles inv roll_,pitch_,yaw:  \n', [-1.8441349549889134, 0.004243974750819376, 1.6096764582467258])
(-105.66114977341277, 0.24316184158203544, 92.22766743910366)
transform world->camera:
[[-0.03875227  0.26985376 -0.9621212   0.67690333]
 [ 0.99924023  0.00646563 -0.03843389 -0.00513822]
 [-0.00415081 -0.96287961 -0.26989929  0.32822331]
 [ 0.          0.          0.          1.        ]]


-----------------------------------------------------
my rotation: 
 [[ 1.          0.          0.          0.286213  ]
 [ 0.          1.          0.          0.115956  ]
 [ 0.          0.          1.         -0.00933129]
 [ 0.          0.          0.          1.        ]]
('\ncounter:', 9, '\n')
coordinates syste in camera image
('axi_imgpts: ', array([[[350.0722 , 398.69986]],

       [[435.98737, 355.6129 ]],

       [[350.4072 , 272.32224]],

       [[349.72623, 354.20047]]], dtype=float32))




The world coordinate systems origin in-->> camera's coordinate system:
===rotation_vector:
[[ 1.38826985]
 [ 1.43881127]
 [-1.09553063]]
===rotation_matrix:
[[-0.03887558  0.99923551 -0.00413347]
 [ 0.26980358  0.00651366 -0.96289335]
 [-0.9621303  -0.03854827 -0.26985054]]
===translation_vector:
[[0.03273311]
 [0.13339497]
 [0.73957985]]
('euler_angles_tmp: ', [-2.999702174360105, 1.294712418230346, 1.7138998708044555])
(-171.8702743870502, 74.18155724777553, 98.19922910511237)


The camera origin in -->>world coordinate system:
===camera rvec_matrix:
[[-0.03887558  0.26980358 -0.9621303 ]
 [ 0.99923551  0.00651366 -0.03854827]
 [-0.00413347 -0.96289335 -0.26985054]]
===camera translation_vector:
[[ 0.67685427]
 [-0.00506746]
 [ 0.32815646]]
('euler_angles inv roll_,pitch_,yaw:  \n', [-1.8440871821087341, 0.004150821292321238, 1.6095586412482374])
(-105.65841258900332, 0.2378245415630451, 92.22091702233539)
transform world->camera:
[[-0.03887558  0.26980358 -0.9621303   0.67685427]
 [ 0.99923551  0.00651366 -0.03854827 -0.00506746]
 [-0.00413347 -0.96289335 -0.26985054  0.32815646]
 [ 0.          0.          0.          1.        ]]


-----------------------------------------------------
my rotation: 
 [[ 1.          0.          0.          0.286213  ]
 [ 0.          1.          0.          0.115956  ]
 [ 0.          0.          1.         -0.00933129]
 [ 0.          0.          0.          1.        ]]
('\ncounter:', 10, '\n')
coordinates syste in camera image
('axi_imgpts: ', array([[[350.0915 , 398.71002]],

       [[435.97482, 355.6169 ]],

       [[350.40707, 272.36255]],

       [[349.73657, 354.21732]]], dtype=float32))




The world coordinate systems origin in-->> camera's coordinate system:
===rotation_vector:
[[ 1.38842964]
 [ 1.43873461]
 [-1.09556211]]
===rotation_matrix:
[[-0.03879963  0.99923795 -0.00425533]
 [ 0.26984564  0.00637739 -0.96288247]
 [-0.96212157 -0.03850777 -0.26988744]]
===translation_vector:
[[0.0327537 ]
 [0.13344899]
 [0.73977203]]
('euler_angles_tmp: ', [-2.9998683795176126, 1.2946804004056511, 1.7136021103460082])
(-171.87979724110872, 74.17972276155132, 98.18216868753744)


The camera origin in -->>world coordinate system:
===camera rvec_matrix:
[[-0.03879963  0.26984564 -0.96212157]
 [ 0.99923795  0.00637739 -0.03850777]
 [-0.00425533 -0.96288247 -0.26988744]]
===camera translation_vector:
[[ 0.67701083]
 [-0.00509282]
 [ 0.32829026]]
('euler_angles inv roll_,pitch_,yaw:  \n', [-1.8440365354550414, 0.0041334820053671745, 1.6096820429654006])
(-105.65551074950027, 0.23683107360081102, 92.22798741991349)
transform world->camera:
[[-0.03879963  0.26984564 -0.96212157  0.67701083]
 [ 0.99923795  0.00637739 -0.03850777 -0.00509282]
 [-0.00425533 -0.96288247 -0.26988744  0.32829026]
 [ 0.          0.          0.          1.        ]]


-----------------------------------------------------
my rotation: 
 [[ 1.          0.          0.          0.286213  ]
 [ 0.          1.          0.          0.115956  ]
 [ 0.          0.          1.         -0.00933129]
 [ 0.          0.          0.          1.        ]]
('\ncounter:', 11, '\n')
coordinates syste in camera image
('axi_imgpts: ', array([[[350.08667, 398.70572]],

       [[435.97263, 355.6073 ]],

       [[350.4003 , 272.34457]],

       [[349.7268 , 354.2072 ]]], dtype=float32))




The world coordinate systems origin in-->> camera's coordinate system:
===rotation_vector:
[[ 1.38845927]
 [ 1.43871116]
 [-1.09547597]]
===rotation_matrix:
[[-0.03873479  0.99924062 -0.00421947]
 [ 0.26986959  0.00639537 -0.96287564]
 [-0.96211747 -0.03843549 -0.26991237]]
===translation_vector:
[[0.03273905]
 [0.13342416]
 [0.73969876]]
('euler_angles_tmp: ', [-3.0001437305229732, 1.2946653479601138, 1.713354207271908])
(-171.89557369160056, 74.17886031995069, 98.16796488766317)


The camera origin in -->>world coordinate system:
===camera rvec_matrix:
[[-0.03873479  0.26986959 -0.96211747]
 [ 0.99924062  0.00639537 -0.03843549]
 [-0.00421947 -0.96287564 -0.26991237]]
===camera translation_vector:
[[ 0.67693811]
 [-0.0051368 ]
 [ 0.32826287]]
('euler_angles inv roll_,pitch_,yaw:  \n', [-1.8440750004319797, 0.004255345739006834, 1.6096060504739604])
(-105.65771463033789, 0.2438133512140699, 92.22363337087928)
transform world->camera:
[[-0.03873479  0.26986959 -0.96211747  0.67693811]
 [ 0.99924062  0.00639537 -0.03843549 -0.0051368 ]
 [-0.00421947 -0.96287564 -0.26991237  0.32826287]
 [ 0.          0.          0.          1.        ]]


-----------------------------------------------------
my rotation: 
 [[ 1.          0.          0.          0.286213  ]
 [ 0.          1.          0.          0.115956  ]
 [ 0.          0.          1.         -0.00933129]
 [ 0.          0.          0.          1.        ]]
('\ncounter:', 12, '\n')
coordinates syste in camera image
('axi_imgpts: ', array([[[350.08136, 398.70618]],

       [[435.9699 , 355.60892]],

       [[350.4076 , 272.33957]],

       [[349.72433, 354.19913]]], dtype=float32))




The world coordinate systems origin in-->> camera's coordinate system:
===rotation_vector:
[[ 1.38844815]
 [ 1.43884975]
 [-1.09533549]]
===rotation_matrix:
[[-0.03875799  0.99924016 -0.00411303]
 [ 0.26997514  0.00650842 -0.9628453 ]
 [-0.96208692 -0.03842837 -0.27002225]]
===translation_vector:
[[0.03273618]
 [0.13341497]
 [0.7396994 ]]
('euler_angles_tmp: ', [-3.0002263961887032, 1.2945533240707716, 1.7133834228385159])
(-171.9003100853575, 74.17244182388674, 98.1696388163259)


The camera origin in -->>world coordinate system:
===camera rvec_matrix:
[[-0.03875799  0.26997514 -0.96208692]
 [ 0.99924016  0.00650842 -0.03842837]
 [-0.00411303 -0.9628453  -0.27002225]]
===camera translation_vector:
[[ 0.67690519]
 [-0.00515419]
 [ 0.32832792]]
('euler_angles inv roll_,pitch_,yaw:  \n', [-1.8441008494921298, 0.004219482256275506, 1.609541156034433])
(-105.65919567238889, 0.2417585250149245, 92.21991519338052)
transform world->camera:
[[-0.03875799  0.26997514 -0.96208692  0.67690519]
 [ 0.99924016  0.00650842 -0.03842837 -0.00515419]
 [-0.00411303 -0.9628453  -0.27002225  0.32832792]
 [ 0.          0.          0.          1.        ]]


-----------------------------------------------------
my rotation: 
 [[ 1.          0.          0.          0.286213  ]
 [ 0.          1.          0.          0.115956  ]
 [ 0.          0.          1.         -0.00933129]
 [ 0.          0.          0.          1.        ]]
('\ncounter:', 13, '\n')
coordinates syste in camera image
('axi_imgpts: ', array([[[350.07617, 398.69604]],

       [[435.98282, 355.62595]],

       [[350.41077, 272.33957]],

       [[349.73007, 354.21356]]], dtype=float32))




The world coordinate systems origin in-->> camera's coordinate system:
===rotation_vector:
[[ 1.38815588]
 [ 1.4387048 ]
 [-1.09562156]]
===rotation_matrix:
[[-0.03888185  0.99923528 -0.0041304 ]
 [ 0.26965495  0.00651235 -0.96293499]
 [-0.96217171 -0.03855448 -0.26970196]]
===translation_vector:
[[0.03274082]
 [0.13342319]
 [0.73965277]]
('euler_angles_tmp: ', [-2.999602483485483, 1.294864386606545, 1.7140004332944507])
(-171.8645625206784, 74.19026439435119, 98.20499091136641)


The camera origin in -->>world coordinate system:
===camera rvec_matrix:
[[-0.03888185  0.26965495 -0.96217171]
 [ 0.99923528  0.00651235 -0.03855448]
 [-0.0041304  -0.96293499 -0.26970196]]
===camera translation_vector:
[[ 0.67696777]
 [-0.00506776]
 [ 0.32809889]]
('euler_angles inv roll_,pitch_,yaw:  \n', [-1.84421484309545, 0.004113045143003654, 1.6095643566443727])
(-105.66572702475061, 0.23566012764089153, 92.22124449041218)
transform world->camera:
[[-0.03888185  0.26965495 -0.96217171  0.67696777]
 [ 0.99923528  0.00651235 -0.03855448 -0.00506776]
 [-0.0041304  -0.96293499 -0.26970196  0.32809889]
 [ 0.          0.          0.          1.        ]]


-----------------------------------------------------
my rotation: 
 [[ 1.          0.          0.          0.286213  ]
 [ 0.          1.          0.          0.115956  ]
 [ 0.          0.          1.         -0.00933129]
 [ 0.          0.          0.          1.        ]]
('\ncounter:', 14, '\n')
coordinates syste in camera image
('axi_imgpts: ', array([[[350.07166, 398.6925 ]],

       [[435.9835 , 355.6143 ]],

       [[350.40686, 272.32083]],

       [[349.7235 , 354.2006 ]]], dtype=float32))




The world coordinate systems origin in-->> camera's coordinate system:
===rotation_vector:
[[ 1.38820701]
 [ 1.43874419]
 [-1.09553323]]
===rotation_matrix:
[[-0.0388505   0.99923662 -0.00410181]
 [ 0.26972792  0.00653436 -0.9629144 ]
 [-0.96215253 -0.03851607 -0.26977588]]
===translation_vector:
[[0.03273019]
 [0.1333962 ]
 [0.73958595]]
('euler_angles_tmp: ', [-2.9997803740687603, 1.2947939740905936, 1.7138483460618372])
(-171.8747549003153, 74.18623005436227, 98.19627695481984)


The camera origin in -->>world coordinate system:
===camera rvec_matrix:
[[-0.0388505   0.26972792 -0.96215253]
 [ 0.99923662  0.00653436 -0.03851607]
 [-0.00410181 -0.9629144  -0.26977588]]
===camera translation_vector:
[[ 0.6768854 ]
 [-0.00509092]
 [ 0.32810583]]
('euler_angles inv roll_,pitch_,yaw:  \n', [-1.8438822198104825, 0.004130414664913953, 1.609688311875961])
(-105.64666911435421, 0.23665532793851163, 92.22834660203077)
transform world->camera:
[[-0.0388505   0.26972792 -0.96215253  0.6768854 ]
 [ 0.99923662  0.00653436 -0.03851607 -0.00509092]
 [-0.00410181 -0.9629144  -0.26977588  0.32810583]
 [ 0.          0.          0.          1.        ]]


-----------------------------------------------------
my rotation: 
 [[ 1.          0.          0.          0.286213  ]
 [ 0.          1.          0.          0.115956  ]
 [ 0.          0.          1.         -0.00933129]
 [ 0.          0.          0.          1.        ]]
('\ncounter:', 15, '\n')
coordinates syste in camera image
('axi_imgpts: ', array([[[350.08383, 398.70276]],

       [[435.9648 , 355.6177 ]],

       [[350.40738, 272.3494 ]],

       [[349.7236 , 354.20865]]], dtype=float32))




The world coordinate systems origin in-->> camera's coordinate system:
===rotation_vector:
[[ 1.38836373]
 [ 1.43872898]
 [-1.09538315]]
===rotation_matrix:
[[-0.03872619  0.99924144 -0.00410098]
 [ 0.26984566  0.00650627 -0.96288161]
 [-0.96212453 -0.03839536 -0.26989293]]
===translation_vector:
[[0.03273685]
 [0.13343211]
 [0.7397336 ]]
('euler_angles_tmp: ', [-3.0002794099275407, 1.2946912342904062, 1.7133354323919225])
(-171.90334754884913, 74.18034349742352, 98.16688916627916)


The camera origin in -->>world coordinate system:
===camera rvec_matrix:
[[-0.03872619  0.26984566 -0.96212453]
 [ 0.99924144  0.00650627 -0.03839536]
 [-0.00410098 -0.96288161 -0.26989293]]
===camera translation_vector:
[[ 0.67697754]
 [-0.00517782]
 [ 0.32826244]]
('euler_angles inv roll_,pitch_,yaw:  \n', [-1.8439589554302516, 0.004101817468381269, 1.6096569303028545])
(-105.65106574150529, 0.23501682927128273, 92.22654857033729)
transform world->camera:
[[-0.03872619  0.26984566 -0.96212453  0.67697754]
 [ 0.99924144  0.00650627 -0.03839536 -0.00517782]
 [-0.00410098 -0.96288161 -0.26989293  0.32826244]
 [ 0.          0.          0.          1.        ]]


-----------------------------------------------------
my rotation: 
 [[ 1.          0.          0.          0.286213  ]
 [ 0.          1.          0.          0.115956  ]
 [ 0.          0.          1.         -0.00933129]
 [ 0.          0.          0.          1.        ]]
('\ncounter:', 16, '\n')
coordinates syste in camera image
('axi_imgpts: ', array([[[350.0884 , 398.70053]],

       [[435.9697 , 355.6238 ]],

       [[350.41876, 272.34943]],

       [[349.72894, 354.2088 ]]], dtype=float32))




The world coordinate systems origin in-->> camera's coordinate system:
===rotation_vector:
[[ 1.38829098]
 [ 1.43875043]
 [-1.09534895]]
===rotation_matrix:
[[-0.03874247  0.99924109 -0.00403365]
 [ 0.26982345  0.00657467 -0.96288737]
 [-0.9621301  -0.038393   -0.26987339]]
===translation_vector:
[[0.03274327]
 [0.13343301]
 [0.73973769]]
('euler_angles_tmp: ', [-3.000277890952827, 1.294711682830658, 1.713406122806386])
(-171.90326051800884, 74.18151511247716, 98.17093942867993)


The camera origin in -->>world coordinate system:
===camera rvec_matrix:
[[-0.03874247  0.26982345 -0.9621301 ]
 [ 0.99924109  0.00657467 -0.038393  ]
 [-0.00403365 -0.96288737 -0.26987339]]
===camera translation_vector:
[[ 0.6769891 ]
 [-0.00519495]
 [ 0.32824855]]
('euler_angles inv roll_,pitch_,yaw:  \n', [-1.844080516557172, 0.00410099014646367, 1.6095325255769821])
(-105.6580306810307, 0.2349694272171056, 92.2194207045933)
transform world->camera:
[[-0.03874247  0.26982345 -0.9621301   0.6769891 ]
 [ 0.99924109  0.00657467 -0.038393   -0.00519495]
 [-0.00403365 -0.96288737 -0.26987339  0.32824855]
 [ 0.          0.          0.          1.        ]]


-----------------------------------------------------
my rotation: 
 [[ 1.          0.          0.          0.286213  ]
 [ 0.          1.          0.          0.115956  ]
 [ 0.          0.          1.         -0.00933129]
 [ 0.          0.          0.          1.        ]]
('\ncounter:', 17, '\n')
coordinates syste in camera image
('axi_imgpts: ', array([[[350.0753 , 398.6988 ]],

       [[435.98666, 355.6142 ]],

       [[350.40805, 272.32532]],

       [[349.72742, 354.2027 ]]], dtype=float32))




The world coordinate systems origin in-->> camera's coordinate system:
===rotation_vector:
[[ 1.38826072]
 [ 1.43877454]
 [-1.09553897]]
===rotation_matrix:
[[-0.03885854  0.99923616 -0.00413582]
 [ 0.2697753   0.00650565 -0.96290133]
 [-0.96213892 -0.03853268 -0.26982203]]
===translation_vector:
[[0.03273512]
 [0.13340013]
 [0.73959424]]
('euler_angles_tmp: ', [-2.9997439834791884, 1.2947440434214232, 1.7138527751937427])
(-171.87266987311884, 74.18336923775055, 98.19653072538493)


The camera origin in -->>world coordinate system:
===camera rvec_matrix:
[[-0.03885854  0.2697753  -0.96213892]
 [ 0.99923616  0.00650565 -0.03853268]
 [-0.00413582 -0.96290133 -0.26982203]]
===camera translation_vector:
[[ 0.67687639]
 [-0.00507942]
 [ 0.32814537]]
('euler_angles inv roll_,pitch_,yaw:  \n', [-1.8440601504425809, 0.00403365654322898, 1.6095488065077859])
(-105.65686378861953, 0.23111149593234945, 92.2203535332149)
transform world->camera:
[[-0.03885854  0.2697753  -0.96213892  0.67687639]
 [ 0.99923616  0.00650565 -0.03853268 -0.00507942]
 [-0.00413582 -0.96290133 -0.26982203  0.32814537]
 [ 0.          0.          0.          1.        ]]


-----------------------------------------------------
my rotation: 
 [[ 1.          0.          0.          0.286213  ]
 [ 0.          1.          0.          0.115956  ]
 [ 0.          0.          1.         -0.00933129]
 [ 0.          0.          0.          1.        ]]
('\ncounter:', 18, '\n')
coordinates syste in camera image
('axi_imgpts: ', array([[[350.08963, 398.70584]],

       [[435.97293, 355.60764]],

       [[350.4113 , 272.3503 ]],

       [[349.73413, 354.20248]]], dtype=float32))




The world coordinate systems origin in-->> camera's coordinate system:
===rotation_vector:
[[ 1.38848307]
 [ 1.43885119]
 [-1.09541503]]
===rotation_matrix:
[[-0.03878847  0.99923868 -0.0041851 ]
 [ 0.2699778   0.00644733 -0.96284496]
 [-0.96208494 -0.03847716 -0.27002235]]
===translation_vector:
[[0.03275046]
 [0.13343034]
 [0.73976322]]
('euler_angles_tmp: ', [-3.0000493199697345, 1.2945460796630321, 1.7134926287317178])
(-171.8901643653585, 74.1720267498982, 98.17589585310432)


The camera origin in -->>world coordinate system:
===camera rvec_matrix:
[[-0.03878847  0.2699778  -0.96208494]
 [ 0.99923868  0.00644733 -0.03847716]
 [-0.0041851  -0.96284496 -0.27002235]]
===camera translation_vector:
[[ 0.67696217]
 [-0.0051218 ]
 [ 0.32836239]]
('euler_angles inv roll_,pitch_,yaw:  \n', [-1.8440069289493317, 0.004135836264379156, 1.6096649856559349])
(-105.65381442167697, 0.2369659627060782, 92.22701010807125)
transform world->camera:
[[-0.03878847  0.2699778  -0.96208494  0.67696217]
 [ 0.99923868  0.00644733 -0.03847716 -0.0051218 ]
 [-0.0041851  -0.96284496 -0.27002235  0.32836239]
 [ 0.          0.          0.          1.        ]]


-----------------------------------------------------
my rotation: 
 [[ 1.          0.          0.          0.286213  ]
 [ 0.          1.          0.          0.115956  ]
 [ 0.          0.          1.         -0.00933129]
 [ 0.          0.          0.          1.        ]]
('\ncounter:', 19, '\n')
coordinates syste in camera image
('axi_imgpts: ', array([[[350.07904, 398.7021 ]],

       [[435.97818, 355.62262]],

       [[350.41113, 272.34402]],

       [[349.72958, 354.21097]]], dtype=float32))




The world coordinate systems origin in-->> camera's coordinate system:
===rotation_vector:
[[ 1.38826059]
 [ 1.43876683]
 [-1.09552227]]
===rotation_matrix:
[[-0.0388455   0.99923671 -0.00412554]
 [ 0.2697747   0.00651201 -0.96290145]
 [-0.96213962 -0.03851735 -0.26982175]]
===translation_vector:
[[0.03274164]
 [0.13342584]
 [0.73968409]]
('euler_angles_tmp: ', [-2.999799508173566, 1.2947465921644137, 1.713805731954041])
(-171.87585120376542, 74.18351526996696, 98.1938353462954)


The camera origin in -->>world coordinate system:
===camera rvec_matrix:
[[-0.0388455   0.2697747  -0.96213962]
 [ 0.99923671  0.00651201 -0.03851735]
 [-0.00412554 -0.96290145 -0.26982175]]
===camera translation_vector:
[[ 0.67695631]
 [-0.00509485]
 [ 0.32819387]]
('euler_angles inv roll_,pitch_,yaw:  \n', [-1.8442150215292272, 0.004185117023210573, 1.6095948652727565])
(-105.66573724825297, 0.2397895421983204, 92.22299250605731)
transform world->camera:
[[-0.0388455   0.2697747  -0.96213962  0.67695631]
 [ 0.99923671  0.00651201 -0.03851735 -0.00509485]
 [-0.00412554 -0.96290145 -0.26982175  0.32819387]
 [ 0.          0.          0.          1.        ]]


-----------------------------------------------------
my rotation: 
 [[ 1.          0.          0.          0.286213  ]
 [ 0.          1.          0.          0.115956  ]
 [ 0.          0.          1.         -0.00933129]
 [ 0.          0.          0.          1.        ]]
('\ncounter:', 20, '\n')
coordinates syste in camera image
('axi_imgpts: ', array([[[350.08282, 398.7012 ]],

       [[435.97733, 355.61176]],

       [[350.40622, 272.3367 ]],

       [[349.727  , 354.20486]]], dtype=float32))




The world coordinate systems origin in-->> camera's coordinate system:
===rotation_vector:
[[ 1.38835561]
 [ 1.43873559]
 [-1.09547275]]
===rotation_matrix:
[[-0.03877624  0.99923929 -0.00415319]
 [ 0.26982382  0.00646862 -0.96288798]
 [-0.96212864 -0.03845781 -0.26986939]]
===translation_vector:
[[0.03273763]
 [0.13341488]
 [0.73966233]]
('euler_angles_tmp: ', [-3.0000404579899063, 1.2947063102640626, 1.713528585315375])
(-171.88965661131618, 74.18120728708608, 98.1779560135936)


The camera origin in -->>world coordinate system:
===camera rvec_matrix:
[[-0.03877624  0.26982382 -0.96212864]
 [ 0.99923929  0.00646862 -0.03845781]
 [-0.00415319 -0.96288798 -0.26986939]]
===camera translation_vector:
[[ 0.67692123]
 [-0.00512995]
 [ 0.32821177]]
('euler_angles inv roll_,pitch_,yaw:  \n', [-1.8440066173948502, 0.004125553850075814, 1.609651933392473])
(-105.6537965709201, 0.23637682376329175, 92.2262622684618)
transform world->camera:
[[-0.03877624  0.26982382 -0.96212864  0.67692123]
 [ 0.99923929  0.00646862 -0.03845781 -0.00512995]
 [-0.00415319 -0.96288798 -0.26986939  0.32821177]
 [ 0.          0.          0.          1.        ]]


-----------------------------------------------------
my rotation: 
 [[ 1.          0.          0.          0.286213  ]
 [ 0.          1.          0.          0.115956  ]
 [ 0.          0.          1.         -0.00933129]
 [ 0.          0.          0.          1.        ]]
('\ncounter:', 21, '\n')
coordinates syste in camera image
('axi_imgpts: ', array([[[350.07645, 398.69006]],

       [[435.98428, 355.61087]],

       [[350.41397, 272.3143 ]],

       [[349.7243 , 354.1931 ]]], dtype=float32))




The world coordinate systems origin in-->> camera's coordinate system:
===rotation_vector:
[[ 1.3882271 ]
 [ 1.43878185]
 [-1.09541221]]
===rotation_matrix:
[[-0.0388103   0.99923846 -0.0040336 ]
 [ 0.26978939  0.00659168 -0.96289679]
 [-0.96213692 -0.03845854 -0.26983976]]
===translation_vector:
[[0.03273083]
 [0.13338643]
 [0.73957955]]
('euler_angles_tmp: ', [-3.0000224701462956, 1.294736688201404, 1.713670233356783])
(-171.88862598379475, 74.18294781468606, 98.18607184854258)


The camera origin in -->>world coordinate system:
===camera rvec_matrix:
[[-0.0388103   0.26978939 -0.96213692]
 [ 0.99923846  0.00659168 -0.03845854]
 [-0.0040336  -0.96289679 -0.26983976]]
===camera translation_vector:
[[ 0.67686083]
 [-0.00514199]
 [ 0.32813736]]
('euler_angles inv roll_,pitch_,yaw:  \n', [-1.844056127222706, 0.004153198620936394, 1.6095826294343392])
(-105.65663327510065, 0.23796075245920917, 92.22229144415718)
transform world->camera:
[[-0.0388103   0.26978939 -0.96213692  0.67686083]
 [ 0.99923846  0.00659168 -0.03845854 -0.00514199]
 [-0.0040336  -0.96289679 -0.26983976  0.32813736]
 [ 0.          0.          0.          1.        ]]


-----------------------------------------------------
my rotation: 
 [[ 1.          0.          0.          0.286213  ]
 [ 0.          1.          0.          0.115956  ]
 [ 0.          0.          1.         -0.00933129]
 [ 0.          0.          0.          1.        ]]
('\ncounter:', 22, '\n')
coordinates syste in camera image
('axi_imgpts: ', array([[[350.07547, 398.6991 ]],

       [[435.98215, 355.62628]],

       [[350.40915, 272.33554]],

       [[349.72598, 354.2131 ]]], dtype=float32))




The world coordinate systems origin in-->> camera's coordinate system:
===rotation_vector:
[[ 1.38816802]
 [ 1.43869026]
 [-1.095564  ]]
===rotation_matrix:
[[-0.03884127  0.99923697 -0.00410174]
 [ 0.26966713  0.0065295  -0.96293146]
 [-0.96216994 -0.03850758 -0.26971498]]
===translation_vector:
[[0.03273452]
 [0.13341644]
 [0.73961827]]
('euler_angles_tmp: ', [-2.999779649577525, 1.29485787841403, 1.7138466190927122])
(-171.87471339002522, 74.18989150238784, 98.19617800677763)


The camera origin in -->>world coordinate system:
===camera rvec_matrix:
[[-0.03884127  0.26966713 -0.96216994]
 [ 0.99923697  0.0065295  -0.03850758]
 [-0.00410174 -0.96293146 -0.26971498]]
===camera translation_vector:
[[ 0.67693189]
 [-0.00509978]
 [ 0.32809128]]
('euler_angles inv roll_,pitch_,yaw:  \n', [-1.8440252212552788, 0.004033613279196276, 1.6096166943280228])
(-105.65486249360531, 0.23110901708587075, 92.22424321879481)
transform world->camera:
[[-0.03884127  0.26966713 -0.96216994  0.67693189]
 [ 0.99923697  0.0065295  -0.03850758 -0.00509978]
 [-0.00410174 -0.96293146 -0.26971498  0.32809128]
 [ 0.          0.          0.          1.        ]]


-----------------------------------------------------
my rotation: 
 [[ 1.          0.          0.          0.286213  ]
 [ 0.          1.          0.          0.115956  ]
 [ 0.          0.          1.         -0.00933129]
 [ 0.          0.          0.          1.        ]]
('\ncounter:', 23, '\n')
coordinates syste in camera image
('axi_imgpts: ', array([[[350.0787 , 398.70334]],

       [[435.97015, 355.6132 ]],

       [[350.39673, 272.3428 ]],

       [[349.72144, 354.21054]]], dtype=float32))




The world coordinate systems origin in-->> camera's coordinate system:
===rotation_vector:
[[ 1.38836905]
 [ 1.43867264]
 [-1.09551633]]
===rotation_matrix:
[[-0.03875364  0.99924    -0.0041936 ]
 [ 0.26978549  0.00642204 -0.96289903]
 [-0.9621403  -0.03844721 -0.26982932]]
===translation_vector:
[[0.03273173]
 [0.13342373]
 [0.73967506]]
('euler_angles_tmp: ', [-3.0000582020380504, 1.294749086399981, 1.7134664976318632])
(-171.89067327038632, 74.18365817913809, 98.17439865136862)


The camera origin in -->>world coordinate system:
===camera rvec_matrix:
[[-0.03875364  0.26978549 -0.9621403 ]
 [ 0.99924     0.00642204 -0.03844721]
 [-0.0041936  -0.96289903 -0.26982932]]
===camera translation_vector:
[[ 0.67694387]
 [-0.00512526]
 [ 0.32819686]]
('euler_angles inv roll_,pitch_,yaw:  \n', [-1.843895713600716, 0.004101746844483622, 1.6096476917683755])
(-105.64744225158421, 0.23501278282001475, 92.22601924130275)
transform world->camera:
[[-0.03875364  0.26978549 -0.9621403   0.67694387]
 [ 0.99924     0.00642204 -0.03844721 -0.00512526]
 [-0.0041936  -0.96289903 -0.26982932  0.32819686]
 [ 0.          0.          0.          1.        ]]


-----------------------------------------------------
my rotation: 
 [[ 1.          0.          0.          0.286213  ]
 [ 0.          1.          0.          0.115956  ]
 [ 0.          0.          1.         -0.00933129]
 [ 0.          0.          0.          1.        ]]
('\ncounter:', 24, '\n')
coordinates syste in camera image
('axi_imgpts: ', array([[[350.07944, 398.70926]],

       [[435.98196, 355.61157]],

       [[350.3989 , 272.34134]],

