# oST version 5.0 parameters


[image]

width
640

height
480

[narrow_stereo]

camera matrix
612.887735 0.000000 320.228350
0.000000 611.960865 236.058156
0.000000 0.000000 1.000000

distortion
0.097671 -0.144345 0.004314 -0.001817 0.000000

rectification
1.000000 0.000000 0.000000
0.000000 1.000000 0.000000
0.000000 0.000000 1.000000

projection
624.633179 0.000000 319.211443 0.000000
0.000000 623.184509 237.766103 0.000000
0.000000 0.000000 1.000000 0.000000

